1 1 1 6.73831 77.4705 268.769 0.19066 4415 1
1 1 2 5.31619 66.8035 268.854 0.227931 3587 1
1 1 3 4.86814 68.2753 268.852 0.221137 3712 1
1 2 1 6.2149 86.884 268.647 0.211661 4450 1
1 2 2 4.86181 70.997 268.747 0.224155 3477 1
1 2 3 4.67074 76.6584 268.716 0.216172 3529 1
1 3 1 6.21256 98.8168 268.841 0.235289 4908 1
1 3 2 5.53637 88.5106 268.741 0.239363 4102 1
1 3 3 4.88446 109.257 268.715 0.21045 4156 1
1 4 1 7.83114 136.196 268.805 0.210585 5751 1
1 4 2 5.80628 118.607 268.76 0.211859 4798 1
1 4 3 6.64355 118.101 268.824 0.21323 4758 1
1 5 1 9.0539 210.904 269.219 0.199727 7182 1
1 5 2 6.89982 173.152 269.261 0.199073 6093 1
1 5 3 7.87778 174.385 269.203 0.174693 5992 1
1 6 1 16.1 98 266.6 0 0 1
1 6 2 15.9 62 266.6 0 0 1
1 6 3 12.3 59 266.6 0 0 1
2 1 1 6.26045 97.1139 268.81 0.176636 4192 1
2 1 2 5.26341 72.5917 268.787 0.267363 3887 1
2 1 3 5.58554 84.1585 268.581 0.184749 3977 1
2 1 4 5.9402 64.7707 268.758 0.244054 3954 1
2 1 5 5.0022 77.9758 268.781 0.164811 3886 1
2 1 6 4.95857 62.6586 268.85 0.243605 3822 1
2 1 7 6.29154 135.835 268.634 0.166628 4820 1
2 2 1 4.83415 103.514 268.594 0.207529 4324 1
2 2 2 4.39661 106.04 268.596 0.21849 4126 1
2 2 3 5.34529 84.2464 268.678 0.208262 4044 1
2 2 4 4.83414 84.405 268.635 0.200261 3894 1
2 2 5 4.72515 67.3957 268.637 0.237313 3864 1
2 2 6 4.20494 65.903 268.819 0.289548 3703 1
2 2 7 5.62332 94.0713 268.711 0.232128 4451 1
2 3 1 7.05584 134.061 268.543 0.215934 4919 1
2 3 2 0 0 0 0 0 -1
2 3 3 5.8608 109.767 268.655 0.229618 4758 1
2 3 4 4.74519 101.271 268.75 0.231737 4604 1
2 3 5 4.93189 103.766 268.681 0.238379 4393 1
2 3 6 4.75982 92.217 268.66 0.211857 4422 1
2 3 7 5.82437 120.739 268.651 0.222962 5234 1
2 4 1 7.15873 163.484 268.701 0.229317 6152 1
2 4 2 8.60169 160.353 268.772 0.206323 5864 1
2 4 3 7.21913 157.591 268.788 0.220139 6213 1
2 4 4 7.18267 146.162 268.764 0.207581 5796 1
2 4 5 7.02664 122.832 268.831 0.230799 5482 1
2 4 6 6.67706 125.124 268.713 0.218916 5416 1
2 4 7 6.28365 130.349 268.851 0.220159 5634 1
2 5 1 0 0 0 0 0 -1
2 5 2 8.62316 196.327 269.234 0.215911 7450 1
2 5 3 9.03176 186.734 269.213 0.222471 7480 1
2 5 4 8.25221 187.269 269.159 0.205536 7042 1
2 5 5 8.715 169.723 269.204 0.235786 6935 1
2 5 6 7.39247 166.532 268.994 0.188435 6131 1
2 5 7 9.02669 196.754 269.146 0.206062 7417 1
2 6 1 17.4 113 265.8 0 0 1
2 6 2 20.1 77 265.8 0 0 1
2 6 3 16.3 64 265 0 0 1
2 6 4 17.3 71 266.2 0 0 1
2 6 5 15.1 77 265.8 0 0 1
2 6 6 16 71 266.2 0 0 1
2 6 7 14.8 71 266.2 0 0 1
3 1 1 1.68367 20.073 268.832 0.223589 1113 1
3 1 2 1.828 21.2149 268.949 0.277395 1146 1
3 1 3 1.75419 22.2379 268.869 0.221758 1133 1
3 1 4 1.23454 17.1689 268.704 0.196386 1052 1
3 1 5 1.64872 26.2794 268.691 0.182041 1260 1
3 1 6 1.65051 33.1552 268.762 0.197789 1211 1
3 2 1 1.70785 26.2966 268.65 0.169082 1100 1
3 2 2 1.61173 23.2686 268.736 0.21157 1188 1
3 2 3 1.51809 26.8857 268.694 0.207412 1042 1
3 2 4 1.63167 25.2543 268.715 0.20066 1118 1
3 2 5 1.76324 24.7617 268.703 0.209368 1202 1
3 2 6 0 0 0 0 0 -1
3 3 1 1.62061 30.6395 268.693 0.2051 1273 1
3 3 2 1.74973 24.0886 268.85 0.291744 1230 1
3 3 3 1.91238 27.27 268.806 0.245476 1270 1
3 3 4 1.50687 25.2415 268.593 0.221531 1214 1
3 3 5 1.9659 33.4081 268.765 0.219769 1496 1
3 3 6 0 0 0 0 0 -1
3 4 1 0 0 0 0 0 -1
3 4 2 1.61688 29.392 268.826 0.273857 1307 1
3 4 3 1.74897 41.9751 268.723 0.200817 1630 1
3 4 4 1.91333 41.6293 268.852 0.220174 1580 1
3 4 5 1.56961 39.7002 268.767 0.20985 1475 1
3 4 6 1.85026 48.1681 268.836 0.212719 1776 1
3 5 1 3.18553 59.9031 269.253 0.189138 2333 1
3 5 2 2.91519 54.3979 269.284 0.217817 2303 1
3 5 3 2.77889 59.0256 269.292 0.171792 2303 1
3 5 4 2.26799 53.6165 269.321 0.248923 2202 1
3 5 5 3.05592 53.479 269.311 0.238567 2345 1
3 6 1 6.5 47 274.6 0 0 1
3 6 2 6.5 47 274.6 0 0 1
3 6 3 6.5 47 274.6 0 0 1
3 6 4 6.3 51 275 0 0 1
3 6 5 6.3 51 275 0 0 1
3 6 6 6.3 51 275 0 0 1
4 1 1 1.48266 23.019 268.865 0.214543 993 1
4 1 2 1.51656 23.8109 268.837 0.184549 1112 1
4 1 3 1.72441 23.8384 268.713 0.177984 1127 1
4 1 4 1.73517 23.5767 268.748 0.189322 1106 1
4 1 5 1.60114 27.8639 268.714 0.207111 1188 1
4 1 6 0 0 0 0 0 -1
4 2 1 1.37967 24.3398 268.712 0.188881 1115 1
4 2 2 1.67064 32.5722 268.72 0.192003 1157 1
4 2 3 1.48146 26.7016 268.663 0.179088 1020 1
4 2 4 1.61448 21.8303 268.719 0.214758 1101 1
4 2 5 0 0 0 0 0 -1
4 2 6 1.90967 29.5339 268.656 0.21101 1301 1
4 3 1 1.59452 28.9363 268.656 0.20251 1174 1
4 3 2 0 0 0 0 0 -1
4 3 3 1.62274 32.4967 268.74 0.222415 1360 1
4 3 4 1.62807 29.5286 268.658 0.207906 1229 1
4 3 5 2.06876 39.0516 268.676 0.216794 1554 1
4 3 6 1.58549 35.1145 268.641 0.182957 1258 1
4 4 1 1.92951 45.0789 268.92 0.228444 1825 1
4 4 2 1.93505 53.5628 268.808 0.178951 1732 1
4 4 3 1.81681 31.4154 268.804 0.227987 1414 1
4 4 4 2.02868 42.135 268.747 0.181325 1580 1
4 4 5 2.11219 42.1039 268.858 0.22198 1762 1
4 4 6 1.95928 42.4987 268.835 0.254678 1683 1
4 5 1 2.7446 66.702 269.289 0.20359 2147 1
4 5 2 2.31548 51.7338 269.175 0.176148 2177 1
4 5 3 2.53836 64.3428 269.239 0.210826 2094 1
4 5 4 2.46358 54.5313 269.142 0.215234 2248 1
4 5 5 2.83772 55.177 269.315 0.24221 2235 1
4 6 1 5.3 47 274.6 0 0 1
4 6 2 5.3 47 274.6 0 0 1
4 6 3 5.3 47 274.6 0 0 1
4 6 4 5.3 47 274.6 0 0 1
4 6 5 5.3 47 274.6 0 0 1
4 6 6 6.6 47 275.4 0 0 1
5 1 1 7.12618 146.899 268.665 0.170906 5266 1
5 1 2 7.44569 101.434 268.696 0.220701 5399 1
5 2 1 8.94217 131.418 268.556 0.210331 6107 1
5 2 2 9.21354 122.202 268.579 0.192714 5776 1
5 3 1 9.60196 157.506 268.68 0.203322 6701 1
5 3 2 7.81581 119.412 268.656 0.212991 6150 1
5 4 1 8.65984 182.549 268.706 0.227167 7270 1
5 4 2 10.2245 178.739 268.586 0.223661 8019 1
5 6 1 17.7 79 265.8 0 0 1
5 6 2 19.3 98 265.8 0 0 1
