1 1 1 6.43987 64.444 37.4196 0.300433 4097 1
1 1 2 4.98326 62.0724 37.4091 0.280381 3395 1
1 1 3 5.62217 58.6553 37.353 0.25587 3483 1
1 2 1 5.83968 79.8311 37.4907 0.278587 4166 1
1 2 2 4.39555 66.9657 37.4152 0.251776 3276 1
1 2 3 4.79872 62.6953 37.4871 0.317585 3306 1
1 3 1 6.03897 90.89 37.4405 0.295618 4584 1
1 3 2 5.57102 76.847 37.4537 0.286122 3786 1
1 3 3 5.10521 92.2034 37.3917 0.278423 3786 1
1 4 1 7.43187 119.883 37.2072 0.265937 5310 1
1 4 2 4.88575 97.0263 37.2618 0.325199 4477 1
1 4 3 6.14394 100.474 37.2436 0.295905 4486 1
1 5 1 7.69301 167.308 37.2568 0.300593 6668 1
1 5 2 6.78985 147.101 37.2589 0.264505 5603 1
1 5 3 8.22085 137.907 37.212 0.28114 5552 1
1 6 1 17.8 99 42.2 0 0 1
1 6 2 11.8 63 44.6 0 0 1
1 6 3 11.7 61 42.6 0 0 1
2 1 1 6.09219 74.1796 37.3715 0.258166 3943 1
2 1 2 5.39081 61.7847 37.4276 0.347318 3641 1
2 1 3 5.30862 67.5017 37.3386 0.276304 3782 1
2 1 4 6.11773 63.5468 37.2847 0.270135 3764 1
2 1 5 5.74035 60.55 37.3995 0.294613 3656 1
2 1 6 5.63238 55.2481 37.4665 0.330893 3594 1
2 1 7 5.84444 101.937 37.3236 0.262297 4540 1
2 2 1 5.3619 87.5345 37.4302 0.269431 4082 1
2 2 2 4.72256 88.9856 37.4012 0.277393 3807 1
2 2 3 4.63622 70.4807 37.4458 0.301589 3816 1
2 2 4 4.47519 66.6293 37.4382 0.298652 3564 1
2 2 5 4.57957 58.1935 37.4441 0.298415 3599 1
2 2 6 4.3885 60.8308 37.5618 0.349338 3461 1
2 2 7 5.74109 83.71 37.4267 0.283881 4116 1
2 3 1 6.42573 111.881 37.4226 0.296599 4542 1
2 3 2 0 0 0 0 0 -1
2 3 3 5.63716 96.0914 37.4202 0.311875 4428 1
2 3 4 5.52186 93.8016 37.4346 0.28454 4219 1
2 3 5 4.97811 91.0312 37.4146 0.316698 4054 1
2 3 6 4.97475 75.7749 37.4988 0.332925 4157 1
2 3 7 6.04701 103.452 37.4688 0.324908 4908 1
2 4 1 7.248 137.282 37.178 0.295217 5734 1
2 4 2 7.73627 134.398 37.1912 0.283524 5461 1
2 4 3 7.42264 137.106 37.2652 0.305765 5842 1
2 4 4 7.57559 117.009 37.204 0.311419 5440 1
2 4 5 6.54824 115.119 37.2038 0.261026 5101 1
2 4 6 6.6092 98.9196 37.1778 0.328292 5045 1
2 4 7 6.72643 113.432 37.2102 0.292499 5244 1
2 5 1 0 0 0 0 0 -1
2 5 2 7.52415 164.327 37.2804 0.3154 7008 1
2 5 3 9.34416 159.253 37.2563 0.300654 7013 1
2 5 4 8.12565 156.454 37.2507 0.279055 6610 1
2 5 5 8.30028 146.105 37.2758 0.304077 6458 1
2 5 6 6.86028 129.044 37.1996 0.296862 5667 1
2 5 7 9.20606 160.114 37.2463 0.308832 6988 1
2 6 1 20.1 115 44.6 0 0 1
2 6 2 20.1 78 44.2 0 0 1
2 6 3 16.1 73 45.4 0 0 1
2 6 4 19 81 45.8 0 0 1
2 6 5 14.3 77 45 0 0 1
2 6 6 14.3 77 45 0 0 1
2 6 7 15.3 82 46.2 0 0 1
3 1 1 1.6555 14.1928 37.4105 0.423507 1072 0
3 1 2 1.70408 19.7475 37.3543 0.274627 1086 1
3 1 3 1.68237 17.7476 37.3697 0.306127 1102 1
3 1 4 1.27866 12.274 37.384 0.451132 972 1
3 1 5 1.60313 19.5904 37.2688 0.309781 1173 1
3 1 6 1.65685 25.6725 37.3055 0.350557 1150 1
3 2 1 1.86595 18.4262 37.3569 0.259412 1051 1
3 2 2 1.89898 17.9712 37.4517 0.315854 1129 1
3 2 3 1.48122 18.597 37.2212 0.314595 952 1
3 2 4 1.47174 19.8162 37.2782 0.284418 1033 1
3 2 5 1.52537 19.0023 37.358 0.340632 1136 1
3 2 6 0 0 0 0 0 -1
3 3 1 1.64706 21.7749 37.3898 0.420177 1183 0
3 3 2 1.78065 21.3842 37.3237 0.319815 1127 1
3 3 3 1.84498 23.5573 37.274 0.279128 1204 1
3 3 4 1.66939 17.4191 37.3379 0.406934 1144 0
3 3 5 1.99536 25.7603 37.2879 0.286916 1418 1
3 3 6 0 0 0 0 0 -1
3 4 1 0 0 0 0 0 -1
3 4 2 1.33637 24.0059 37.1471 0.392594 1228 1
3 4 3 1.74234 28.5806 36.9684 0.321721 1535 1
3 4 4 1.81799 32.2767 36.9818 0.337586 1474 1
3 4 5 1.79937 32.7492 37.1212 0.281869 1342 1
3 4 6 1.93817 34.7633 37.1123 0.403291 1656 0
3 5 1 2.81521 41.6855 37.4957 0.362083 2194 1
3 5 2 2.54748 37.1188 37.5034 0.465217 2192 0
3 5 3 2.94883 44.632 37.3953 0.285419 2198 1
3 5 4 2.19997 39.9692 37.4278 0.414024 2070 0
3 5 5 2.73703 42.9861 37.4424 0.35854 2232 1
3 6 1 6.8 69 42.6 0 0 1
3 6 2 6.8 69 42.6 0 0 1
3 6 3 6.8 69 42.6 0 0 1
3 6 4 6.8 69 42.6 0 0 1
3 6 5 6.8 69 42.6 0 0 1
3 6 6 6.8 69 42.6 0 0 1
4 1 1 1.56718 18.6819 37.2151 0.251284 899 1
4 1 2 1.55899 17.3537 37.4014 0.363257 1071 1
4 1 3 1.64322 16.5253 37.2042 0.313066 1050 1
4 1 4 1.5387 17.0781 37.3362 0.400702 1041 1
4 1 5 1.8199 21.1993 37.1542 0.256445 1126 1
4 1 6 0 0 0 0 0 -1
4 2 1 1.50819 14.5618 37.4999 0.422922 1021 0
4 2 2 1.60661 28.0113 37.3476 0.267401 1095 1
4 2 3 1.44772 15.3644 37.4136 0.40606 950 0
4 2 4 1.5038 15.4316 37.3875 0.416335 1004 0
4 2 5 0 0 0 0 0 -1
4 2 6 1.72588 19.5762 37.4249 0.473634 1230 0
4 3 1 1.42359 22.2124 37.2512 0.313156 1090 1
4 3 2 0 0 0 0 0 -1
4 3 3 1.71959 20.8054 37.4471 0.441294 1242 0
4 3 4 1.50859 20.8617 37.3485 0.409903 1103 0
4 3 5 1.8302 29.061 37.3035 0.382893 1458 1
4 3 6 1.74643 20.1333 37.3655 0.401959 1189 0
4 4 1 2.1445 31.9088 37.141 0.324496 1737 1
4 4 2 1.70871 39.2249 37.132 0.307093 1621 1
4 4 3 1.64461 23.1904 37.0308 0.40041 1323 0
4 4 4 1.92833 30.3089 37.128 0.311908 1462 1
4 4 5 2.00104 28.266 37.1571 0.401272 1637 0
4 4 6 1.86927 36.175 37.1405 0.328619 1610 1
4 5 1 2.3336 47.089 37.4873 0.384759 2036 1
4 5 2 2.13979 32.3962 37.3931 0.400163 2029 0
4 5 3 2.31537 45.2078 37.3541 0.308369 1952 1
4 5 4 2.15625 39.6423 37.4701 0.411916 2121 0
4 5 5 2.64598 46.7048 37.4462 0.342057 2139 1
4 6 1 6.5 51 44 0 0 1
4 6 2 6.5 51 44 0 0 1
4 6 3 6.5 51 44 0 0 1
4 6 4 6.5 51 44 0 0 1
4 6 5 6.5 51 44 0 0 1
4 6 6 6.5 51 44 0 0 1
5 1 1 6.46775 112.755 37.2823 0.259864 5031 1
5 1 2 7.66061 92.9291 37.3848 0.296951 5169 1
5 2 1 8.56006 108.013 37.445 0.307465 5786 1
5 2 2 9.21372 100.553 37.4444 0.274858 5503 1
5 3 1 9.66676 138.541 37.3574 0.273023 6330 1
5 3 2 8.1992 97.2847 37.3859 0.325669 5820 1
5 4 1 8.32999 158.395 37.1552 0.301854 6862 1
5 4 2 10.8226 149.65 37.197 0.315262 7600 1
5 6 1 18.2 85 47.4 0 0 1
5 6 2 19.6 112 46.6 0 0 1
