1 1 1 52.671 426.479 39.3512 0.304293 29002 1
1 1 2 43.6203 355.437 39.3237 0.294505 23818 1
1 1 3 41.8338 380.533 39.3264 0.287081 24478 1
1 2 1 52.4932 459.761 39.4417 0.310799 29849 1
1 2 2 39.1355 392.05 39.403 0.301005 23625 1
1 2 3 42.7468 385.957 39.4224 0.316527 24313 1
1 3 1 58.4941 576.207 39.3933 0.305231 32802 1
1 3 2 46.9523 495.354 39.3899 0.297252 27463 1
1 3 3 49.6966 543.752 39.3694 0.291694 29407 1
1 4 1 62.4155 768.955 39.1761 0.305485 39162 1
1 4 2 56.1371 667.827 39.1851 0.307741 34399 1
1 4 3 57.8232 657.607 39.1761 0.309378 34710 1
1 5 1 77.7057 1035.4 39.1975 0.298419 49265 1
1 5 2 68.9891 875.229 39.2174 0.291703 42189 1
1 5 3 64.8457 867.027 39.1746 0.304404 42345 1
1 6 1 133.6 629 44.2 0 0 1
1 6 2 124.5 488 47.4 0 0 1
1 6 3 107.8 445 44.6 0 0 1
2 1 1 47.2731 472.919 39.3209 0.296277 28624 1
2 1 2 45.4288 433.089 39.2726 0.289126 26278 1
2 1 3 48.3461 417.163 39.3312 0.298443 27447 1
2 1 4 47.3988 395.05 39.3153 0.296404 27200 1
2 1 5 46.5171 363.658 39.3304 0.308828 25983 1
2 1 6 47.7343 366.933 39.3715 0.310961 26984 1
2 1 7 55.8842 541.213 39.3287 0.302576 33910 1
2 2 1 48.3053 489.299 39.4018 0.315228 29672 1
2 2 2 47.5971 541.895 39.3821 0.290747 28796 1
2 2 3 49.1119 446.024 39.3963 0.329922 28931 1
2 2 4 45.3234 429.141 39.395 0.304362 26547 1
2 2 5 44.6124 376.765 39.4507 0.330285 26652 1
2 2 6 40.8774 387.973 39.4457 0.337035 25789 1
2 2 7 50.5923 563.717 39.3779 0.29403 31770 1
2 3 1 58.9374 675.769 39.347 0.292134 34950 1
2 3 2 0 0 0 0 0 -1
2 3 3 54.3821 610.936 39.3516 0.306785 33998 1
2 3 4 51.792 562.441 39.3687 0.324032 32697 1
2 3 5 50.9397 502.617 39.3857 0.325216 31210 1
2 3 6 52.7973 474.238 39.4009 0.333404 31718 1
2 3 7 60.2149 633.494 39.3841 0.30529 37306 1
2 4 1 71.7328 920.933 39.1421 0.300329 44741 1
2 4 2 67.8482 849.139 39.1328 0.304435 42616 1
2 4 3 69.1366 815.415 39.1718 0.313969 44582 1
2 4 4 70.0052 747.432 39.1618 0.309259 42427 1
2 4 5 61.147 709.736 39.1398 0.306233 39990 1
2 4 6 65.141 628.548 39.1252 0.318545 39345 1
2 4 7 64.1116 755.842 39.1827 0.308246 41623 1
2 5 1 0 0 0 0 0 -1
2 5 2 86.4957 1040.02 39.2353 0.316731 53522 1
2 5 3 86.0082 1067.08 39.1869 0.296335 54934 1
2 5 4 81.046 934.948 39.214 0.319406 50951 1
2 5 5 77.8104 889.548 39.2299 0.328328 50214 1
2 5 6 68.3305 809.105 39.1685 0.315344 44064 1
2 5 7 85.5882 952.667 39.183 0.319655 54557 1
2 6 1 163.6 867 46.6 0 0 1
2 6 2 162.3 593 46.2 0 0 1
2 6 3 143.9 545 47.4 0 0 1
2 6 4 161.9 628 47.8 0 0 1
2 6 5 138.4 521 47 0 0 1
2 6 6 130.5 522 46.2 0 0 1
2 6 7 125.3 499 48.2 0 0 1
3 1 1 12.1676 102.269 39.4176 0.409272 7542 0
3 1 2 13.971 114.62 39.2959 0.30106 8021 1
3 1 3 13.7243 109.549 39.3152 0.297384 7943 1
3 1 4 11.2158 96.4693 39.2776 0.405218 7263 0
3 1 5 13.3269 111.798 39.1935 0.32962 8233 1
3 1 6 12.4932 132.796 39.1952 0.351766 8100 1
3 2 1 11.2169 108.965 39.4488 0.416506 7404 0
3 2 2 14.4271 124.999 39.3991 0.329162 8562 1
3 2 3 10.0686 103.196 39.2192 0.369089 7053 1
3 2 4 11.4794 102.101 39.3256 0.422202 7356 0
3 2 5 14.7879 134.124 39.2568 0.32669 8828 1
3 2 6 0 0 0 0 0 -1
3 3 1 13.6555 166.334 39.2761 0.366402 9138 1
3 3 2 13.1778 138.301 39.307 0.404275 9004 0
3 3 3 14.5525 138.212 39.3031 0.404866 9067 0
3 3 4 13.625 145.746 39.3045 0.377749 9114 1
3 3 5 17.0038 176.506 39.2905 0.325188 10350 1
3 3 6 0 0 0 0 0 -1
3 4 1 0 0 0 0 0 -1
3 4 2 13.6547 156.938 39.0426 0.405402 9655 0
3 4 3 15.952 179.865 39.0129 0.364564 11063 1
3 4 4 16.7277 170.594 39.021 0.416052 11127 0
3 4 5 14.9811 167.657 39.0697 0.419003 10458 0
3 4 6 17.7252 249.565 39.0143 0.364973 12910 1
3 5 1 27.1917 283.815 39.3783 0.346312 17005 1
3 5 2 27.3162 266.878 39.3056 0.350472 16825 1
3 5 3 27.6759 280.582 39.3638 0.344354 17077 1
3 5 4 25.2274 246.069 39.3516 0.372317 15767 1
3 5 5 27.7259 317.326 39.2821 0.325705 17740 1
3 6 1 45.2 358 46.2 0 0 1
3 6 2 45.8 353 46.2 0 0 1
3 6 3 41.9 319 43 0 0 1
3 6 4 43.4 364 42.2 0 0 1
3 6 5 54.5 443 46.2 0 0 1
3 6 6 48.9 401 44.6 0 0 1
4 1 1 9.45456 109.207 39.1699 0.338045 6613 1
4 1 2 12.9507 115.332 39.2744 0.351461 7850 1
4 1 3 10.8338 108.415 39.1631 0.311026 7355 1
4 1 4 10.3069 115.847 39.2055 0.31226 7418 1
4 1 5 11.9641 132.527 39.1685 0.340351 8021 1
4 1 6 0 0 0 0 0 -1
4 2 1 11.2304 125.819 39.4106 0.33477 7800 1
4 2 2 12.1871 138.94 39.3231 0.355564 8108 1
4 2 3 10.1525 110.506 39.2722 0.35233 6983 1
4 2 4 10.9291 110.157 39.317 0.416481 7563 0
4 2 5 0 0 0 0 0 -1
4 2 6 13.4944 138.286 39.3333 0.402496 9058 0
4 3 1 12.0475 149.022 39.244 0.335474 7991 1
4 3 2 0 0 0 0 0 -1
4 3 3 12.707 163.813 39.1891 0.316147 9035 1
4 3 4 13.1489 132.416 39.3489 0.403867 8633 0
4 3 5 16.8579 178.598 39.2631 0.381446 10747 1
4 3 6 12.7081 143.03 39.3225 0.408511 8921 0
4 4 1 22.401 211.124 39.1884 0.411339 14141 0
4 4 2 18.9282 206.82 39.1778 0.408501 12561 0
4 4 3 13.9115 190.697 38.8946 0.320796 10168 1
4 4 4 16.6174 171.164 39.0838 0.418986 11253 0
4 4 5 18.5501 190.735 39.1223 0.410363 12569 0
4 4 6 16.7681 225.014 39.0698 0.326833 11659 1
4 5 1 27.4626 273.927 39.3583 0.350405 16405 1
4 5 2 25.9566 260.764 39.3074 0.371035 16329 1
4 5 3 25.334 270.512 39.344 0.349834 15866 1
4 5 4 25.951 286.216 39.3268 0.33023 16422 1
4 5 5 27.5081 280.817 39.3481 0.370413 16810 1
4 6 1 46.7 358 45.4 0 0 1
4 6 2 41.7 337 44.6 0 0 1
4 6 3 42.3 337 46.6 0 0 1
4 6 4 50 388 45.4 0 0 1
4 6 5 53.4 425 47 0 0 1
4 6 6 47.2 377 45.8 0 0 1
5 1 1 63.0453 680.876 39.2655 0.290291 38306 1
5 1 2 65.6499 512.028 39.2945 0.298701 36843 1
5 2 1 73.3406 685.337 39.3738 0.308894 42910 1
5 2 2 69.7157 579.984 39.4117 0.300543 40750 1
5 3 1 77.9252 832.522 39.3074 0.291259 47699 1
5 3 2 75.6265 676.584 39.3292 0.323762 45407 1
5 4 1 83.7123 1048.24 39.106 0.29728 53853 1
5 4 2 95.5782 941.287 39.146 0.322218 58792 1
5 6 1 145.9 545 49.4 0 0 1
5 6 2 173.2 699 48.6 0 0 1
