1 1 1 1.25677 22.8953 269.155 0.258055 633 1
1 1 2 1.08808 19.2283 268.994 0.187588 492 1
1 1 3 1.00187 17.0822 269.141 0.259653 469 1
1 2 1 1.19296 28.5067 268.939 0.163771 609 1
1 2 2 0.936584 27.7803 268.937 0.151359 481 1
1 2 3 1.18333 22.0674 269.006 0.201132 502 1
1 3 1 1.25785 30.9943 269.132 0.202327 675 1
1 3 2 1.10098 30.0123 268.923 0.193824 604 1
1 3 3 1.02234 25.7704 269.08 0.260708 589 1
1 4 1 1.02873 38.5437 269.123 0.277011 909 1
1 4 2 1.05853 46.0225 269.044 0.209518 795 1
1 4 3 1.08461 38.8129 269.073 0.210555 763 1
1 5 1 1.07687 61.99 269.473 0.195184 1103 1
1 5 2 1.01152 51.3415 269.508 0.197663 917 1
1 5 3 0.975496 49.2434 269.525 0.230679 936 1
1 6 1 1.1 25 267 0 0 1
1 6 2 0.9 21 266.6 0 0 1
1 6 3 1.3 20 267 0 0 1
2 1 1 1.07755 27.8937 269.155 0.235873 554 1
2 1 2 1.07174 29.0052 268.97 0.190249 550 1
2 1 3 1.08694 29.9508 268.888 0.166878 561 1
2 1 4 1.25162 23.9262 269.086 0.162482 490 1
2 1 5 1.09731 25.807 268.989 0.11581 491 1
2 1 6 1.20627 25.4002 269.012 0.149994 547 1
2 1 7 1.08462 36.9179 268.94 0.18261 691 1
2 2 1 1.10028 30.6873 268.926 0.233516 660 1
2 2 2 1.14671 33.1692 268.869 0.201353 579 1
2 2 3 1.06951 32.2434 268.949 0.1896 552 1
2 2 4 0.970296 26.5319 268.916 0.183874 542 1
2 2 5 1.19307 26.1411 269.034 0.242144 531 1
2 2 6 1.0359 19.7956 269.145 0.299881 529 1
2 2 7 1.11313 30.7888 268.923 0.198654 632 1
2 3 1 1.09145 37.9279 268.813 0.196379 724 1
2 3 2 0 0 0 0 0 -1
2 3 3 1.04183 33.4279 268.947 0.221999 676 1
2 3 4 1.12169 30.2991 269.012 0.221648 680 1
2 3 5 1.10417 28.443 268.92 0.195769 634 1
2 3 6 1.07401 32.7878 268.884 0.186457 620 1
2 3 7 1.21032 41.7527 268.963 0.198328 719 1
2 4 1 1.22967 49.3622 268.979 0.207045 904 1
2 4 2 1.04389 55.6794 269.04 0.203118 890 1
2 4 3 1.15493 39.9869 269.115 0.24466 840 1
2 4 4 1.16077 41.4686 269.097 0.240207 805 1
2 4 5 1.03865 42.838 269.097 0.207209 797 1
2 4 6 1.02046 32.457 268.978 0.236843 796 1
2 4 7 1.07828 38.6198 269.175 0.237806 826 1
2 5 1 0 0 0 0 0 -1
2 5 2 1.00907 72.1175 269.461 0.153152 1104 1
2 5 3 1.05187 58.0376 269.553 0.22333 1050 1
2 5 4 1.09977 54.2866 269.441 0.209804 1005 1
2 5 5 1.09543 43.2947 269.543 0.281863 987 1
2 5 6 1.22031 46.8746 269.294 0.206684 937 1
2 5 7 1.25678 57.7864 269.431 0.2018 1087 1
2 6 1 1.1 26 266.2 0 0 1
2 6 2 0.9 24 265.4 0 0 1
2 6 3 0.7 15 265.4 0 0 1
2 6 4 1.4 20 267 0 0 1
2 6 5 1.1 18 266.2 0 0 1
2 6 6 0.8 17 266.2 0 0 1
2 6 7 0.9 22 265.8 0 0 1
3 1 1 0.951002 8.52338 269.172 0.217894 171 1
3 1 2 0.966856 6.35761 269.091 0.203096 159 1
3 1 3 1.00359 7.67359 269.161 0.205084 174 1
3 1 4 0.90674 5.75427 269.075 0.188928 159 1
3 1 5 0.984577 4.31443 269.056 0.229922 149 1
3 1 6 1.06006 8.79959 269.147 0.287451 184 1
3 2 1 1.1238 13.6989 268.914 0.0992925 195 1
3 2 2 0.97815 6.54728 268.905 0.148689 172 1
3 2 3 0.886026 5.62591 268.992 0.160995 152 1
3 2 4 1.06786 4.9612 269.089 0.25185 176 1
3 2 5 0.857548 11.1345 268.992 0.17941 205 1
3 2 6 0 0 0 0 0 -1
3 3 1 2.42635 8.6505 268.784 0.0935777 201 1
3 3 2 0.961006 8.96837 269.074 0.22316 223 1
3 3 3 0.992148 11.5635 269.251 0.300847 184 1
3 3 4 0.992148 11.5635 269.251 0.300847 184 1
3 3 5 1.02404 11.7476 269.057 0.16016 198 1
3 3 6 0 0 0 0 0 -1
3 4 1 0 0 0 0 0 -1
3 4 2 0.93898 9.51611 269.023 0.204521 203 1
3 4 3 1.15933 10.4608 268.897 0.164809 229 1
3 4 4 1.15933 10.4608 268.897 0.164809 229 1
3 4 5 0.939693 13.5448 269.036 0.155136 239 1
3 4 6 0.979696 16.9167 269.084 0.200033 261 1
3 5 1 1.00265 12.5871 269.56 0.202901 309 1
3 5 2 1.1672 21.54 269.578 0.207824 357 1
3 5 3 0.963257 14.8872 269.647 0.209021 360 1
3 5 4 1.08693 16.7651 269.695 0.251613 314 1
3 5 5 0.898027 19.4936 269.696 0.282639 330 1
3 6 1 0.7 13 275.4 0 0 1
3 6 2 0.7 13 275.4 0 0 1
3 6 3 0.7 13 275.4 0 0 1
3 6 4 0.7 13 275.4 0 0 1
3 6 5 0.7 13 275.4 0 0 1
3 6 6 0.7 13 275.4 0 0 1
4 1 1 0.952864 6.55685 269.099 0.153678 153 1
4 1 2 0.996131 8.25597 269.095 0.125293 179 1
4 1 3 1.06916 9.19667 269.026 0.0995186 148 0
4 1 4 0.996131 8.25597 269.095 0.125293 179 1
4 1 5 0.927419 6.45873 269.062 0.249901 179 1
4 1 6 0 0 0 0 0 -1
4 2 1 1.19005 10.6928 268.949 0.0619486 148 1
4 2 2 0.959578 15.7143 268.983 0.0957501 192 1
4 2 3 0.975618 258.71 270.364 0.514098 154 1
4 2 4 0.980273 6.53271 268.842 0.104349 159 1
4 2 5 0 0 0 0 0 -1
4 2 6 1.05945 10.2503 269.089 0.199522 198 1
4 3 1 0.949958 10.625 268.938 0.148967 186 1
4 3 2 0 0 0 0 0 -1
4 3 3 0.911023 5.73683 268.981 0.236583 183 1
4 3 4 0.999253 7.56032 269.014 0.239816 169 1
4 3 5 1.02976 10.6408 268.902 0.174822 230 1
4 3 6 1.08504 6.74292 268.879 0.194324 177 1
4 4 1 0.935954 12.8896 269.309 0.261154 276 1
4 4 2 0.969182 14.4435 269.123 0.163043 269 1
4 4 3 0.945361 15.2888 269.064 0.12225 201 1
4 4 4 0.954964 11.3472 269.094 0.228037 229 1
4 4 5 1.1446 22.7424 269.056 0.0786377 255 1
4 4 6 1.05984 14.8515 268.937 0.153749 248 1
4 5 1 1.00065 19.6467 269.425 0.13742 326 1
4 5 2 0.933784 14.2688 269.654 0.291741 339 1
4 5 3 0.981038 15.6715 269.479 0.154065 307 1
4 5 4 0.97161 15.5702 269.45 0.205549 366 1
4 5 5 1.09143 19.809 269.659 0.227942 356 1
4 6 1 0.4 13 274.6 0 0 1
4 6 2 0.4 13 274.6 0 0 1
4 6 3 0.4 13 274.6 0 0 1
4 6 4 0.4 13 274.6 0 0 1
4 6 5 0.4 13 274.6 0 0 1
4 6 6 0.4 18 275.8 0 0 1
5 1 1 1.1354 46.8715 268.96 0.205517 768 1
5 1 2 1.15335 29.2269 268.97 0.198703 654 1
5 2 1 1.12427 43.7193 268.749 0.178018 795 1
5 2 2 1.35244 32.9874 268.875 0.180122 752 1
5 3 1 1.13242 51.0582 268.944 0.186585 886 1
5 3 2 1.17944 38.4976 268.926 0.22148 839 1
5 4 1 1.11569 67.5239 268.967 0.187726 1074 1
5 4 2 1.18492 45.0593 268.83 0.220613 988 1
5 6 1 0.8 24 266.2 0 0 1
5 6 2 1.2 26 266.2 0 0 1
