1 1 1 53.1697 503.207 270.74 0.217492 34416 1
1 1 2 43.9016 423.466 270.76 0.211728 26937 1
1 1 3 42.2685 439.423 270.793 0.219748 27214 1
1 2 1 53.494 564.691 270.631 0.215332 35497 1
1 2 2 39.9028 437.138 270.708 0.239533 26949 1
1 2 3 42.6248 483.197 270.661 0.216006 27235 1
1 3 1 58.6332 631.767 270.818 0.244711 38263 1
1 3 2 47.5515 575.427 270.658 0.224953 31324 1
1 3 3 49.5559 617.857 270.675 0.223871 32707 1
1 4 1 64.7192 895.901 270.757 0.222058 45399 1
1 4 2 56.4384 794.422 270.711 0.219545 38892 1
1 4 3 58.7584 774.654 270.762 0.219192 38888 1
1 5 1 78.8206 1213.69 271.173 0.220209 57096 1
1 5 2 69.7229 993.603 271.218 0.229351 47421 1
1 5 3 65.6704 1033.16 271.204 0.229762 47075 1
1 6 1 130.5 594 268.6 0 0 1
1 6 2 121.3 435 268.6 0 0 1
1 6 3 111.4 431 268.6 0 0 1
2 1 1 47.7902 584.656 270.761 0.2103 32092 1
2 1 2 45.38 520.917 270.66 0.212981 29463 1
2 1 3 49.1809 540.155 270.56 0.195342 30491 1
2 1 4 47.9865 452.227 270.744 0.214408 29946 1
2 1 5 46.0644 432.85 270.766 0.223087 28676 1
2 1 6 47.5604 405.523 270.818 0.242758 29620 1
2 1 7 56.6053 657.46 270.632 0.217741 36654 1
2 2 1 48.3381 594.073 270.593 0.228778 33281 1
2 2 2 47.7305 665.695 270.55 0.214359 32393 1
2 2 3 50.071 541.646 270.635 0.22754 32098 1
2 2 4 45.5277 511.916 270.613 0.225105 29551 1
2 2 5 44.4518 442.934 270.64 0.249929 29729 1
2 2 6 41.0632 429.408 270.725 0.264994 28712 1
2 2 7 51.5604 636.221 270.639 0.231225 34732 1
2 3 1 59.4644 812.155 270.487 0.220762 39430 1
2 3 2 0 0 0 0 0 -1
2 3 3 54.9043 732.794 270.587 0.21959 37890 1
2 3 4 52.3789 647.247 270.697 0.245982 36349 1
2 3 5 50.9457 586.25 270.655 0.230692 34527 1
2 3 6 52.9483 565.066 270.619 0.238593 35042 1
2 3 7 60.7459 755.677 270.628 0.216436 40817 1
2 4 1 72.21 1098.51 270.664 0.229099 50324 1
2 4 2 69.104 999.646 270.729 0.22962 47463 1
2 4 3 70.1313 945.509 270.741 0.240547 49125 1
2 4 4 70.2666 867.594 270.741 0.22945 46835 1
2 4 5 62.3153 802.409 270.747 0.232135 44176 1
2 4 6 65.8066 760.203 270.675 0.227899 43259 1
2 4 7 64.2373 827.516 270.832 0.243206 45509 1
2 5 1 0 0 0 0 0 -1
2 5 2 87.2572 1254.44 271.186 0.219237 59122 1
2 5 3 86.2486 1234.57 271.177 0.231719 60309 1
2 5 4 81.454 1124.46 271.132 0.231708 56353 1
2 5 5 78.1086 1044.39 271.142 0.234668 55079 1
2 5 6 69.1004 963.514 270.983 0.233042 48846 1
2 5 7 86.5234 1132.11 271.121 0.238196 59362 1
2 6 1 165 815 268.2 0 0 1
2 6 2 166.2 559 267.4 0 0 1
2 6 3 150.2 542 267.4 0 0 1
2 6 4 171.5 585 268.6 0 0 1
2 6 5 140.4 470 267.8 0 0 1
2 6 6 130.5 480 268.2 0 0 1
2 6 7 130.4 490 267.8 0 0 1
3 1 1 12.3186 130.805 270.76 0.222187 8525 1
3 1 2 14.0705 136.335 270.854 0.236944 8781 1
3 1 3 13.6955 126.946 270.77 0.214349 8713 1
3 1 4 12.3423 134.24 270.751 0.209291 8044 1
3 1 5 13.2405 157.923 270.672 0.183084 9058 1
3 1 6 12.9999 173.851 270.688 0.205728 9010 1
3 2 1 11.9658 156.091 270.677 0.219928 8284 1
3 2 2 14.1564 148.865 270.699 0.249531 9413 1
3 2 3 10.5148 132.037 270.6 0.228869 7808 1
3 2 4 11.2632 147.553 270.679 0.207719 8226 1
3 2 5 14.7644 171.801 270.645 0.21671 9686 1
3 2 6 0 0 0 0 0 -1
3 3 1 13.6844 231.04 270.638 0.220506 10098 1
3 3 2 12.914 186.191 270.778 0.250207 10059 1
3 3 3 14.5466 180.587 270.723 0.238717 10066 1
3 3 4 14.2059 191.843 270.592 0.231802 10092 1
3 3 5 16.5087 223.179 270.687 0.208579 11370 1
3 3 6 0 0 0 0 0 -1
3 4 1 0 0 0 0 0 -1
3 4 2 13.2928 212.2 270.714 0.240965 10721 1
3 4 3 16.1848 240.887 270.707 0.22241 12257 1
3 4 4 16.8615 227.719 270.842 0.232193 12188 1
3 4 5 15.9406 249.036 270.682 0.209127 11530 1
3 4 6 17.6902 311.695 270.813 0.247598 14119 1
3 5 1 27.4021 386.47 271.207 0.205919 18657 1
3 5 2 27.4206 360.547 271.198 0.224621 18334 1
3 5 3 28.4304 368.586 271.28 0.222359 18658 1
3 5 4 25.1593 328.923 271.262 0.223125 17329 1
3 5 5 27.5393 413.71 271.241 0.211073 19307 1
3 6 1 45.9 307 276.6 0 0 1
3 6 2 45.3 314 277.4 0 0 1
3 6 3 44.3 272 276.2 0 0 1
3 6 4 46.1 353 277 0 0 1
3 6 5 49.8 380 276.6 0 0 1
3 6 6 50 341 277.4 0 0 1
4 1 1 9.76743 142.522 270.753 0.211859 7366 1
4 1 2 12.8058 142.045 270.828 0.24899 8555 1
4 1 3 10.8803 137.804 270.704 0.220245 8172 1
4 1 4 11.0554 151.052 270.717 0.214775 8246 1
4 1 5 12.9205 179.62 270.634 0.196073 8889 1
4 1 6 0 0 0 0 0 -1
4 2 1 11.57 161.247 270.683 0.221244 8592 1
4 2 2 12.3647 173.27 270.701 0.239469 9112 1
4 2 3 9.92628 151.089 270.629 0.218328 7735 1
4 2 4 11.508 150.171 270.668 0.237627 8483 1
4 2 5 0 0 0 0 0 -1
4 2 6 12.828 192.521 270.649 0.212911 10045 1
4 3 1 11.8308 194.25 270.655 0.221304 9005 1
4 3 2 0 0 0 0 0 -1
4 3 3 12.7789 213.258 270.651 0.208192 10149 1
4 3 4 13.4885 195.439 270.642 0.207475 9640 1
4 3 5 17.3788 234.843 270.62 0.221811 11945 1
4 3 6 12.658 196.181 270.626 0.236987 9953 1
4 4 1 22.686 281.167 270.858 0.248904 15424 1
4 4 2 19.4997 277.865 270.782 0.240764 13814 1
4 4 3 14.2391 245.367 270.75 0.222997 11228 1
4 4 4 16.9829 233.114 270.721 0.235248 12385 1
4 4 5 19.9152 252.502 270.793 0.229717 13921 1
4 4 6 17.2288 277.532 270.741 0.220257 12912 1
4 5 1 27.2751 378.317 271.193 0.203497 17988 1
4 5 2 26.5335 350.211 271.184 0.225338 17784 1
4 5 3 25.853 372.737 271.166 0.219851 17345 1
4 5 4 26.4934 374.08 271.114 0.215352 17932 1
4 5 5 27.3492 378.519 271.254 0.223734 18499 1
4 6 1 47.2 362 275.8 0 0 1
4 6 2 42.3 308 276.6 0 0 1
4 6 3 39.8 308 275.4 0 0 1
4 6 4 50 342 276.6 0 0 1
4 6 5 49 400 277 0 0 1
4 6 6 47.6 324 277.4 0 0 1
5 1 1 63.5032 816.106 270.659 0.21091 41280 1
5 1 2 65.8713 585.13 270.632 0.222387 40217 1
5 2 1 74.0983 810.847 270.502 0.222249 46519 1
5 2 2 70.2727 680.289 270.542 0.22114 44120 1
5 3 1 79.2944 989.822 270.642 0.21332 51661 1
5 3 2 76.2592 759.169 270.64 0.249467 49473 1
5 4 1 84.4296 1215.52 270.653 0.221464 58618 1
5 4 2 97.6596 1099.27 270.552 0.227587 64008 1
5 6 1 147.4 565 267.8 0 0 1
5 6 2 175.4 652 268.2 0 0 1
