1	1	1	0.808977	14.7621	22.1784	-3.32674	13.6087	24.0581
1	1	2	0.537487	14.6581	22.3358	-2.14319	13.4126	24.41
1	1	3	1.34485	14.743	22.2071	-3.49275	13.5716	24.1239
1	2	1	-1.38072	14.8174	22.0956	-1.50721	13.512	24.2303
1	2	2	-0.862425	14.7061	22.2628	-3.63724	13.5352	24.1888
1	2	3	-1.53077	14.7719	22.1637	-3.90471	13.5277	24.2022
1	3	1	0.937045	14.6629	22.3284	-2.43374	13.4247	24.388
1	3	2	1.18884	14.7736	22.1612	-3.58569	13.5521	24.1586
1	3	3	1.44728	14.7401	22.2115	-3.45514	13.5615	24.1419
1	4	1	-0.637427	14.7157	22.2483	-3.54584	13.5637	24.138
1	4	2	-1.78096	14.689	22.2888	-2.59658	13.4602	24.3236
1	4	3	-1.61436	14.6637	22.3273	-1.54563	13.4112	24.4124
1	5	1	1.07514	14.7489	22.1983	-1.83359	13.406	24.4219
1	5	2	1.61953	14.6846	22.2954	-3.37969	13.5276	24.2024
1	5	3	1.36971	14.6774	22.3064	-2.03496	13.4687	24.3083
1	6	1	0	0	0	0	0	0
1	6	2	0	0	0	0	0	0
1	6	3	0	0	0	0	0	0
2	1	1	1.40741	15.1637	26.6294	0.745115	13.8698	29.1136
2	1	2	0.999574	15.2542	26.4713	0.372928	13.8616	29.1309
2	1	3	1.85991	15.0019	26.9166	0.235754	13.7427	29.383
2	1	4	0.476997	14.9795	26.9568	-1.68472	13.8373	29.1819
2	1	5	1.45313	15.0291	26.8679	-1.60446	13.8275	29.2026
2	1	6	0.737221	14.9701	26.9737	-1.97999	13.8496	29.1562
2	1	7	1.42076	15.0746	26.7867	0.933973	13.8897	29.072
2	2	1	-1.37081	15.1734	26.6123	-0.0111965	13.8325	29.1921
2	2	2	-1.84192	15.2972	26.397	0.666607	13.9079	29.0338
2	2	3	-1.27101	15.0023	26.9159	0.998743	13.8144	29.2304
2	2	4	-1.23646	14.9798	26.9564	-2.50703	13.8162	29.2266
2	2	5	-1.14612	15.0322	26.8623	-1.76999	13.8759	29.1009
2	2	6	-0.607004	14.8821	27.1332	-2.15634	13.7751	29.3138
2	2	7	-0.58789	14.9807	26.9547	0.242858	13.8072	29.2455
2	3	1	2.12125	15.2997	26.3927	0.0933853	13.8719	29.1091
2	3	2	0	0	0	0	0	0
2	3	3	1.11076	14.9554	27.0003	1.34498	13.8241	29.2099
2	3	4	0.650267	14.8807	27.1358	-1.57137	13.7661	29.3328
2	3	5	1.2367	14.9868	26.9437	-1.28355	13.842	29.1722
2	3	6	1.54243	15.06	26.8127	-2.08293	13.821	29.2164
2	3	7	1.10703	14.939	27.03	0.797792	13.7795	29.3044
2	4	1	-1.32206	15.2448	26.4877	0.438381	13.8621	29.1298
2	4	2	-1.44008	15.1941	26.5762	0.553874	13.8645	29.1248
2	4	3	-0.998835	14.8874	27.1237	-0.911356	13.7905	29.2811
2	4	4	-0.770913	15.0005	26.919	-1.09406	13.8796	29.093
2	4	5	-0.889322	14.951	27.0083	-3.5067	13.7447	29.3786
2	4	6	-1.99429	15.1002	26.7414	-2.21187	13.8926	29.0658
2	4	7	-0.932534	14.9325	27.0417	2.2185	13.8255	29.2068
2	5	1	0	0	0	0	0	0
2	5	2	2.44439	15.2363	26.5025	0.429471	13.8936	29.0637
2	5	3	1.75494	14.9752	26.9645	0.901899	13.7823	29.2984
2	5	4	2.30628	14.9551	27.0008	-2.02392	13.8261	29.2057
2	5	5	1.88837	15.0173	26.8891	-2.71014	13.8656	29.1225
2	5	6	2.42636	15.0402	26.8481	-2.79068	13.8487	29.158
2	5	7	1.79682	15.0963	26.7484	0.687494	13.8573	29.1399
2	6	1	0	0	0	0	0	0
2	6	2	0	0	0	0	0	0
2	6	3	0	0	0	0	0	0
2	6	4	0	0	0	0	0	0
2	6	5	0	0	0	0	0	0
2	6	6	0	0	0	0	0	0
2	6	7	0	0	0	0	0	0
3	1	1	-1.62387	12.3322	8.30349	0.373735	11.6322	8.80315
3	1	2	-1.49553	12.5158	8.18163	1.33024	11.6147	8.81641
3	1	3	-1.69064	12.531	8.17173	-3.52679	11.8353	8.65206
3	1	4	-1.48296	12.5016	8.19096	0.698093	11.8207	8.6628
3	1	5	-1.78701	12.7017	8.06189	0.894001	11.205	9.13879
3	1	6	-1.20172	12.4029	8.25614	1.87862	11.5058	8.89983
3	2	1	-2.14336	12.4873	8.2003	-2.23926	10.4862	9.76522
3	2	2	-0.903515	12.6202	8.114	1.8472	11.4682	8.92905
3	2	3	-1.34738	12.6649	8.08532	-7.8141	11.7122	8.74301
3	2	4	-0.782263	12.8153	7.99045	-0.650442	11.5634	8.85555
3	2	5	-1.29247	12.6854	8.07225	1.39183	11.5614	8.85707
3	2	6	0	0	0	0	0	0
3	3	1	-1.81316	12.3113	8.31754	-0.561232	11.4187	8.96772
3	3	2	-1.44953	12.4379	8.23289	0.0172023	11.7009	8.75149
3	3	3	-0.918455	12.7217	8.04923	2.45426	11.1702	9.16727
3	3	4	-2.41216	12.5041	8.18934	-1.84986	11.2231	9.12405
3	3	5	-1.16416	12.656	8.09099	0.0751992	11.6316	8.80363
3	3	6	0	0	0	0	0	0
3	4	1	0	0	0	0	0	0
3	4	2	-1.75681	12.7546	8.02847	-1.60024	11.6038	8.82472
3	4	3	-1.68978	12.6209	8.11355	-1.21058	11.2604	9.09378
3	4	4	-1.53081	12.704	8.06042	3.27241	11.4574	8.93747
3	4	5	-1.1955	12.807	7.99566	0.606108	11.6825	8.76525
3	4	6	-0.713947	12.4187	8.2456	0.52777	11.4115	8.97339
3	5	1	-1.12197	12.516	8.18155	-0.351258	11.9386	8.57722
3	5	2	-1.5164	12.7	8.06302	-1.06269	11.3443	9.02656
3	5	3	-1.71743	12.6286	8.10855	-3.13169	11.4133	8.97195
3	5	4	-1.3678	12.5659	8.14902	1.64137	10.5568	9.69989
3	5	5	-1.22418	12.7837	8.01021	1.01121	11.3716	9.00488
3	6	1	0	0	0	0	0	0
3	6	2	0	0	0	0	0	0
3	6	3	0	0	0	0	0	0
3	6	4	0	0	0	0	0	0
3	6	5	0	0	0	0	0	0
3	6	6	0	0	0	0	0	0
4	1	1	1.65243	12.4887	8.19941	7.75255	11.7466	8.71742
4	1	2	1.13546	12.6062	8.12299	-0.0681927	11.9955	8.53653
4	1	3	1.22612	12.4832	8.20304	-2.40584	11.4765	8.9226
4	1	4	1.43532	12.6671	8.08391	-1.81541	10.3551	9.88889
4	1	5	0.850059	12.5884	8.13445	-0.961989	10.9968	9.31181
4	1	6	0	0	0	0	0	0
4	2	1	2.17537	12.4256	8.24108	1.01474	11.0594	9.25912
4	2	2	1.21856	12.4181	8.24604	-1.96263	11.2533	9.09955
4	2	3	1.44336	12.6315	8.10674	0.0885061	11.6589	8.78298
4	2	4	2.63746	12.5681	8.14762	1.45816	11.5149	8.89285
4	2	5	0	0	0	0	0	0
4	2	6	1.15209	12.3661	8.28073	0.614787	11.6745	8.77126
4	3	1	1.51957	12.192	8.39896	1.6612	11.1543	9.18035
4	3	2	0	0	0	0	0	0
4	3	3	1.31993	12.5812	8.13915	1.84957	10.9852	9.3216
4	3	4	1.84379	12.3796	8.27168	1.65843	10.9379	9.36193
4	3	5	1.72101	12.4776	8.20668	0.345603	11.6758	8.77028
4	3	6	1.83325	12.195	8.39689	3.49919	11.4023	8.98068
4	4	1	1.40576	12.292	8.33065	-1.69551	11.3087	9.05499
4	4	2	0.72579	12.5286	8.17332	-0.196487	11.7235	8.73456
4	4	3	1.30916	12.5046	8.18902	-1.18101	11.1792	9.15991
4	4	4	1.85949	12.5404	8.16564	-2.98043	11.3191	9.04666
4	4	5	1.0235	12.6557	8.09122	1.76382	11.3232	9.04335
4	4	6	0.727089	12.6175	8.11569	-1.97027	10.646	9.61859
4	5	1	1.47097	12.6026	8.12533	0.12455	11.6229	8.81021
4	5	2	1.34232	12.5433	8.16372	-1.38973	10.6383	9.62564
4	5	3	1.79306	12.5215	8.17791	-0.472141	11.5868	8.83765
4	5	4	1.64793	12.4293	8.2386	-2.07494	10.5751	9.68316
4	5	5	1.28138	12.2524	8.35755	0.128405	11.6729	8.77243
4	6	1	0	0	0	0	0	0
4	6	2	0	0	0	0	0	0
4	6	3	0	0	0	0	0	0
4	6	4	0	0	0	0	0	0
4	6	5	0	0	0	0	0	0
4	6	6	0	0	0	0	0	0
5	1	1	1.16007	14.9487	27.0124	0.114065	13.6633	29.5535
5	1	2	0.846791	14.8398	27.2106	3.74639	13.6201	29.6473
5	2	1	-1.3155	15.0318	26.8631	0.406173	13.7418	29.3848
5	2	2	-1.70018	15.0358	26.8559	2.80288	13.7606	29.3445
5	3	1	0.914512	15.0674	26.7996	0.318325	13.7905	29.281
5	3	2	0.67784	14.9063	27.0891	2.99621	13.8297	29.198
5	4	1	-0.619331	14.9636	26.9855	0.210632	13.6902	29.4956
5	4	2	-1.33529	15.0297	26.8668	2.37537	13.8452	29.1653
5	6	1	0	0	0	0	0	0
5	6	2	0	0	0	0	0	0
