1	1	1	11569.1	-0.279069	0.163118	7574.03	0.215893	0.231381
1	1	2	17349.6	0.0914874	0.150224	10330.5	0.244089	0.232316
1	1	3	26466.6	0.0152939	0.132345	13253.6	1.2908	0.242966
1	2	1	14003.1	-0.760582	0.166172	8265.38	-0.446303	0.266909
1	2	2	19594.1	-0.813455	0.161873	13362.9	0.545074	0.21746
1	2	3	29798.3	-0.207722	0.147365	14380.4	1.98401	0.263011
1	3	1	12582.9	-0.763708	0.171009	8128.1	0.431786	0.25088
1	3	2	20271.2	-0.503382	0.160003	11585.7	1.08071	0.236698
1	3	3	28629.4	-0.16062	0.146196	13583.1	2.02387	0.282407
1	4	1	13221.2	-1.14932	0.166697	8411.51	0.82179	0.241961
1	4	2	20701.1	-0.27041	0.156302	11441.3	0.918694	0.253481
1	4	3	29054.3	-0.140191	0.139599	15416.6	0.713092	0.255155
1	5	1	13056.6	-0.165886	0.153887	8058.45	0.120542	0.238177
1	5	2	19457.7	-0.449907	0.144872	10448	1.89535	0.248737
1	5	3	28795.6	0.117411	0.131478	16822	0.878776	0.254919
1	6	1	519	-1.30583	1.83148	358.597	-3.88047	0.938552
1	6	2	705.517	-0.655278	0.922169	652.784	-0.683162	0.726356
1	6	3	1414.16	0.107031	0.515479	1126.78	-3.10924	0.491887
2	1	1	0	0	0	0	0	0
2	1	2	36306.1	0.732778	0.179301	27145.4	0.641566	0.165104
2	1	3	30939.4	0.628906	0.171898	17878.7	1.65319	0.265399
2	1	4	18980.6	1.41508	0.16085	11682.4	2.30117	0.259704
2	1	5	13279	1.28425	0.159729	8002.33	1.9216	0.274247
2	1	6	9516.48	1.87558	0.163621	6239.76	3.82901	0.252014
2	1	7	7373.16	1.82623	0.17171	4498.99	2.86549	0.26015
2	2	1	0	0	0	0	0	0
2	2	2	32595.7	0.498776	0.156271	28571.5	-0.368097	0.155605
2	2	3	28435.5	0.502632	0.167418	19177	0.339498	0.202502
2	2	4	18571.6	0.625757	0.165829	12220	2.46743	0.244165
2	2	5	11879.5	0.794051	0.172144	7991.47	1.71923	0.237001
2	2	6	9374.33	1.0808	0.168158	6325.54	3.50065	0.259817
2	2	7	7075.38	1.18276	0.171148	4470.46	2.09185	0.319668
2	3	1	0	0	0	0	0	0
2	3	2	36651.4	-0.0343738	0.163389	22926.4	0.471277	0.205143
2	3	3	28177.4	0.792859	0.167222	17374.3	0.477654	0.234885
2	3	4	18483.3	1.06646	0.161706	11105.4	2.45839	0.256447
2	3	5	13029.7	1.09676	0.159387	8303.84	1.35802	0.217276
2	3	6	9192.32	1.56998	0.169395	5945.78	3.64423	0.259403
2	3	7	6941.67	1.76698	0.167857	4079.2	1.80763	0.298875
2	4	1	0	0	0	0	0	0
2	4	2	32732.5	0.239827	0.153573	18843	1.05095	0.20762
2	4	3	30092.2	0.341075	0.164703	18190.2	2.26393	0.252948
2	4	4	18115.7	0.589972	0.161975	10751.7	2.01385	0.250532
2	4	5	12952	0.834574	0.160768	9542.82	4.00655	0.195938
2	4	6	9126.88	2.01457	0.168429	5966.43	4.00914	0.237288
2	4	7	7102.34	1.48076	0.174076	4596.44	1.22503	0.282839
2	5	1	0	0	0	0	0	0
2	5	2	38298.8	0.0911493	0.14976	24168.2	1.35274	0.215138
2	5	3	34608.6	0.691349	0.16336	19859.6	2.21134	0.25911
2	5	4	19752.4	0.804213	0.166746	13846.2	3.55241	0.223881
2	5	5	13895.5	1.44726	0.164866	8403.78	3.29241	0.280016
2	5	6	10255.9	1.64715	0.164788	6894.65	4.19349	0.231585
2	5	7	7477.81	2.30085	0.170586	4777.17	0.374599	0.251927
2	6	1	0	0	0	0	0	0
2	6	2	1601.17	0.94675	0.659197	2283.42	-0.0272047	0.350296
2	6	3	1019.7	1.4453	0.908367	1033.57	1.66924	0.647978
2	6	4	891	3.04516	1.95263	697.164	1.85933	0.916356
2	6	5	608	3.08281	2.46967	576	1.58682	1.80897
2	6	6	389	0.734138	2.59786	368	0.950746	2.0704
2	6	7	306	3.97358	2.77307	285	3.69993	2.28416
3	1	1	1345.97	8.59107	0.197889	710.063	21.8622	0.375124
3	1	2	1110.44	8.69735	0.195075	600.475	19.8143	0.350777
3	1	3	927.795	9.20501	0.200112	472.847	21.4468	0.382789
3	1	4	779.835	9.16887	0.214914	418.789	18.9761	0.382235
3	1	5	617.107	9.82949	0.219527	326.558	9.89897	0.406215
3	1	6	557.756	9.7728	0.237114	308.117	21.0134	0.419895
3	2	1	1237.02	7.20769	0.193308	705.661	12.9891	0.308878
3	2	2	1095.24	6.86728	0.193211	590.907	18.347	0.330168
3	2	3	819.162	7.45444	0.208988	440.051	18.9634	0.362931
3	2	4	741.076	7.26907	0.199403	388.353	11.4809	0.362297
3	2	5	628.188	7.88619	0.230995	357.939	16.2952	0.39493
3	2	6	393.846	8.13578	0.223035	212.034	19.4954	0.387744
3	3	1	1289.65	8.58849	0.193074	672.253	17.3338	0.361502
3	3	2	1046.04	8.53412	0.201737	549.579	17.7182	0.372282
3	3	3	825.048	8.72993	0.208404	438.321	13.5924	0.374931
3	3	4	720.922	10.0194	0.213619	388.457	16.2772	0.378122
3	3	5	618.815	9.17127	0.204523	326.876	10.6736	0.387638
3	3	6	496.959	9.93979	0.214786	293.109	17.5986	0.315279
3	4	1	840.191	6.97235	0.187721	472.147	12.6163	0.315523
3	4	2	1009.53	7.50392	0.20971	550.672	17.0712	0.375125
3	4	3	841.183	7.78667	0.20921	449.846	14.0859	0.357309
3	4	4	692.81	7.68666	0.217441	365.286	9.80406	0.391045
3	4	5	605.595	8.03948	0.217487	319.429	9.1608	0.425088
3	4	6	527.665	7.73825	0.224926	289.439	11.5418	0.398749
3	5	1	1425.67	8.66259	0.193713	779.541	-0.727399	0.356588
3	5	2	1181.05	9.24324	0.196607	630.608	0.186289	0.356815
3	5	3	969.538	9.56166	0.201693	535.785	2.34042	0.34756
3	5	4	825.308	9.39932	0.208604	463.914	-0.95353	0.367333
3	5	5	676.615	9.78677	0.220215	388.842	-1.69757	0.382406
3	6	1	95	1.22142	2.70578	81	1.78035	2.43695
3	6	2	87	1.44457	2.893	67	1.73225	2.56717
3	6	3	77	0.642755	3.01302	59	-1.07123	2.76486
3	6	4	68	1.72111	3.13945	45	-1.76305	2.92855
3	6	5	53	3.96142	3.27664	43	2.48931	2.98299
3	6	6	51	2.33904	3.15336	43	0.562089	2.90745
4	1	1	1287.15	6.68925	0.200744	670.182	13.8538	0.392882
4	1	2	1108.99	7.30841	0.19484	579.203	20.5453	0.372646
4	1	3	922.622	7.7647	0.204129	495.12	22.8585	0.359225
4	1	4	723.123	7.84439	0.214541	396.264	11.6931	0.376324
4	1	5	593.213	8.39427	0.222147	314.662	11.7879	0.411229
4	1	6	0	0	0	0	0	0
4	2	1	1312.36	4.93488	0.187133	706.526	10.1601	0.320315
4	2	2	1093.64	5.78582	0.190272	574.149	18.2511	0.380072
4	2	3	893.768	5.98017	0.1904	434.401	10.2134	0.373474
4	2	4	767.187	5.99829	0.208625	409.013	18.2277	0.380216
4	2	5	23.0088	7.14422	0.518848	18.5148	17.2937	0.60195
4	2	6	561.809	6.92487	0.210584	296.655	18.0672	0.412365
4	3	1	1303.57	6.82019	0.185954	654.431	14.9913	0.349567
4	3	2	792.993	7.2286	0.18362	419.748	13.4173	0.337915
4	3	3	853.164	7.43704	0.200411	444.901	13.3455	0.383324
4	3	4	729.601	7.60914	0.205501	375.789	13.5968	0.400422
4	3	5	621.354	7.75648	0.215616	338.528	19.1039	0.353128
4	3	6	530.805	8.02256	0.215926	277.535	13.443	0.400737
4	4	1	1324.52	5.65768	0.188981	679.296	17.0331	0.358656
4	4	2	1053.1	5.97919	0.192634	567.004	15.703	0.353143
4	4	3	881.814	6.17331	0.198056	465.223	15.2821	0.355026
4	4	4	737.985	6.02761	0.203003	407.558	15.7238	0.353504
4	4	5	617.747	6.75896	0.214246	337.183	15.9465	0.388112
4	4	6	513.272	7.10006	0.223232	314.601	12.4147	0.361482
4	5	1	1409.41	7.42044	0.195065	768.276	-1.40036	0.329718
4	5	2	1138.61	7.86977	0.201633	650.28	-0.431549	0.33421
4	5	3	928.827	7.61548	0.208904	524.264	0.740595	0.348793
4	5	4	762.344	8.26561	0.217942	457.593	1.70756	0.342163
4	5	5	653.68	8.29337	0.227025	379.339	0.886178	0.379592
4	6	1	56	-6.94488	3.52548	53	-7.29039	3.12323
4	6	2	52	-5.857	3.7669	45	-8.07536	3.40622
4	6	3	47	-6.26842	3.84639	35	-6.0807	3.58539
4	6	4	34	-4.66749	3.93327	35	-6.21637	3.7464
4	6	5	31	-2.95546	4.27079	31	-4.04857	4.01056
4	6	6	25	-2.31503	4.25857	30	-5.12074	4.01313
5	1	1	2114.62	3.82363	0.230253	1516.68	5.02153	0.310783
5	1	2	1872.8	4.21277	0.225724	1310.35	4.2636	0.313939
5	2	1	2082.58	3.82984	0.226744	1512.7	4.16795	0.293307
5	2	2	1857.76	4.04642	0.227976	1363.65	3.28273	0.29945
5	3	1	2090.86	3.78511	0.219144	1503.2	4.0287	0.285501
5	3	2	1884.51	4.21056	0.215408	1293.71	3.04814	0.30004
5	4	1	2225.59	3.25952	0.220097	1602.09	4.24769	0.286365
5	4	2	1856.4	3.93597	0.226087	1316.45	4.39645	0.307504
5	6	1	126	6.26043	3.71565	100	5.91866	3.56542
5	6	2	130	5.49444	3.80903	91	5.19842	3.72544
