1 1 1 4.96615 72.3211 272.034 0.257554 4993 1
1 1 2 4.27938 72.404 271.955 0.207094 3784 1
1 1 3 5.14016 70.8196 272.079 0.250129 3799 1
1 2 1 6.29937 103.069 271.863 0.197725 5020 1
1 2 2 3.54203 72.8221 271.929 0.250913 3785 1
1 2 3 4.66342 73.3387 271.879 0.229506 3916 1
1 3 1 6.83947 95.5602 272.033 0.237362 5475 1
1 3 2 4.6149 96.0557 271.98 0.234923 4556 1
1 3 3 4.48614 103.913 271.962 0.221492 4883 1
1 4 1 6.34213 142.313 271.996 0.236643 6579 1
1 4 2 6.7707 134.429 271.947 0.207177 5666 1
1 4 3 6.16557 126.347 271.955 0.209701 5507 1
1 5 1 9.22942 204.845 272.552 0.215142 8267 1
1 5 2 7.3119 175.48 272.576 0.209023 6990 1
1 5 3 7.74779 179.666 272.528 0.205986 6975 1
1 6 1 16.3 97 265.8 0 0 1
1 6 2 12.5 71 266.2 0 0 1
1 6 3 16.8 72 269 0 0 1
2 1 1 5.66698 85.3241 271.908 0.2123 4521 1
2 1 2 5.39983 81.6263 271.917 0.224315 4204 1
2 1 3 4.73481 75.5205 271.837 0.265282 4324 1
2 1 4 5.7333 70.3317 273.466 0.241604 4290 1
2 1 5 4.79254 80.0064 273.365 0.181658 4095 1
2 1 6 5.25209 63.878 273.42 0.209052 4151 1
2 1 7 6.81675 105.3 273.335 0.215514 5156 1
2 2 1 6.21376 106.418 271.724 0.20875 4980 1
2 2 2 5.15234 103.151 271.69 0.223923 4488 1
2 2 3 5.80702 92.7574 271.747 0.218854 4727 1
2 2 4 6.04217 75.5042 273.299 0.259444 4321 1
2 2 5 4.7995 71.0354 273.329 0.252511 4196 1
2 2 6 3.81419 81.4325 273.364 0.258502 4105 1
2 2 7 6.21886 107.308 273.312 0.236258 5209 1
2 3 1 6.7247 134.165 271.747 0.225397 5944 1
2 3 2 0 0 0 0 0 -1
2 3 3 7.15961 113.645 271.744 0.230355 5676 1
2 3 4 5.15773 102.959 273.408 0.256349 5216 1
2 3 5 4.92632 93.3231 273.389 0.234572 4802 1
2 3 6 5.16374 94.6473 273.299 0.203582 4865 1
2 3 7 7.41486 111.341 273.334 0.230176 5938 1
2 4 1 7.78488 181.226 271.882 0.231103 7671 1
2 4 2 7.18424 171.116 271.862 0.199537 6584 1
2 4 3 8.38045 165.142 271.821 0.220599 7278 1
2 4 4 7.68769 148.051 273.423 0.195917 6659 1
2 4 5 8.62401 127.05 273.423 0.242564 6429 1
2 4 6 7.65745 119.12 273.284 0.260842 6495 1
2 4 7 7.98609 133.09 273.441 0.239569 6482 1
2 5 1 0 0 0 0 0 -1
2 5 2 9.17516 186.751 272.389 0.236703 8320 1
2 5 3 10.5572 184.815 272.47 0.251363 8929 1
2 5 4 10.3674 171.246 273.87 0.249082 8213 1
2 5 5 9.67429 178.653 273.851 0.215949 7848 1
2 5 6 7.70847 171.74 273.743 0.19842 6957 1
2 5 7 9.55539 197.122 273.85 0.244776 8544 1
2 6 1 25.4 132 267.8 0 0 1
2 6 2 19.9 98 265.4 0 0 1
2 6 3 15.8 76 265.8 0 0 1
2 6 4 20 81 266.2 0 0 1
2 6 5 17.3 76 265.4 0 0 1
2 6 6 12.2 69 265.4 0 0 1
2 6 7 14.4 80 265.8 0 0 1
3 1 1 1.5527 14.9191 273.607 0.444299 1208 0
3 1 2 1.53109 19.0467 273.431 0.254752 1208 1
3 1 3 1.7871 20.4446 272.116 0.19766 1229 1
3 1 4 1.68606 20.9883 272.103 0.227279 1340 1
3 1 5 1.5979 22.5118 272.047 0.232414 1302 1
3 1 6 1.57513 25.8945 272.115 0.182868 1137 1
3 2 1 1.68643 24.8748 273.168 0.171052 1169 1
3 2 2 1.71166 20.0256 273.29 0.21726 1226 1
3 2 3 1.53536 21.8154 272.008 0.199305 1135 1
3 2 4 1.74167 23.1572 272.095 0.211807 1213 1
3 2 5 1.81342 27.2467 271.861 0.175942 1323 1
3 2 6 1.87833 33.1713 271.985 0.200291 1511 1
3 3 1 1.48279 35.669 273.305 0.199073 1471 1
3 3 2 1.81891 31.6091 273.352 0.202587 1318 1
3 3 3 1.42591 28.7037 272.149 0.204176 1410 1
3 3 4 1.56225 26.6169 271.948 0.242025 1384 1
3 3 5 1.78217 31.4998 272.104 0.234128 1618 1
3 3 6 0 0 0 0 0 -1
3 4 1 0 0 0 0 0 -1
3 4 2 1.61212 44.1556 273.248 0.181906 1606 1
3 4 3 1.66342 36.648 272.025 0.205242 1679 1
3 4 4 2.09291 42.2017 272.092 0.222941 1859 1
3 4 5 1.9923 37.769 271.996 0.237886 1804 1
3 4 6 2.35805 53.9845 271.966 0.216235 2158 1
3 5 1 3.19854 70.3599 273.994 0.290632 2740 1
3 5 2 2.31179 52.9943 273.909 0.2437 2507 1
3 5 3 2.41126 77.393 272.649 0.217435 2702 1
3 5 4 2.34699 57.2814 272.57 0.215135 2485 1
3 5 5 2.39381 69.7505 272.615 0.217676 2613 1
3 6 1 6.5 49 267 0 0 1
3 6 2 6.5 49 267 0 0 1
3 6 3 6.5 49 267 0 0 1
3 6 4 6.5 49 267 0 0 1
3 6 5 6.5 49 267 0 0 1
3 6 6 5.1 45 276 0 0 1
4 1 1 1.42749 24.6277 272.491 0.232029 1127 1
4 1 2 1.89068 26.7999 272.665 0.220996 1266 1
4 1 3 1.58743 26.4626 272.419 0.179653 1243 1
4 1 4 1.66317 27.52 272.319 0.166496 1177 1
4 1 5 1.56862 27.5976 272.296 0.229513 1350 1
4 1 6 0 0 0 0 0 -1
4 2 1 1.58153 25.9412 272.496 0.222069 1249 1
4 2 2 1.65873 33.5118 272.389 0.150946 1319 1
4 2 3 1.54534 21.6442 272.308 0.199741 1176 1
4 2 4 1.58604 21.3816 272.251 0.216315 1212 1
4 2 5 0 0 0 0 0 -1
4 2 6 1.80666 29.3549 272.286 0.242085 1366 1
4 3 1 1.41525 27.8496 272.517 0.228754 1314 1
4 3 2 0 0 0 0 0 -1
4 3 3 1.6793 29.2851 272.344 0.191257 1484 1
4 3 4 1.76924 30.0102 272.323 0.192245 1409 1
4 3 5 1.5627 28.7486 272.268 0.28744 1551 1
4 3 6 1.65833 31.9926 272.218 0.209447 1410 1
4 4 1 1.87884 40.1613 272.655 0.288333 1927 1
4 4 2 2.10389 45.2535 272.467 0.186909 1980 1
4 4 3 1.55527 36.2265 272.462 0.215667 1614 1
4 4 4 1.85617 39.3739 272.373 0.215835 1904 1
4 4 5 1.9474 40.817 272.398 0.247215 1897 1
4 4 6 2.16025 41.5987 272.368 0.254499 2064 1
4 5 1 2.69336 68.4399 273.012 0.188399 2733 1
4 5 2 3.15897 59.6428 272.964 0.252389 2670 1
4 5 3 3.32522 56.6607 273.007 0.286184 2673 1
4 5 4 3.85831 57.2284 272.91 0.228438 2799 1
4 5 5 2.54775 59.4242 272.898 0.224677 2688 1
4 6 1 4.6 44 276.2 0 0 1
4 6 2 4.6 44 276.2 0 0 1
4 6 3 4.6 44 276.2 0 0 1
4 6 4 5.8 53 275 0 0 1
4 6 5 5.8 53 275 0 0 1
4 6 6 5.8 53 275 0 0 1
5 1 1 7.42273 134.448 272.169 0.205049 6006 1
5 1 2 8.22417 98.0772 272.193 0.229891 5990 1
5 2 1 8.72835 128.659 272.104 0.245926 6927 1
5 2 2 8.50741 116.556 272.004 0.217097 6516 1
5 3 1 10.8591 153.077 272.116 0.21023 7511 1
5 3 2 9.76331 127.357 272.2 0.240622 7009 1
5 4 1 10.2045 184.515 272.216 0.244313 8541 1
5 4 2 11.9515 175.603 272.121 0.237895 9398 1
5 6 1 18 100 265.8 0 0 1
5 6 2 26 107 265.8 0 0 1
