1 1 1 72.5496 473.541 39.0476 0.308868 38355 1
1 1 2 65.7141 427.966 38.9698 0.26937 34409 1
1 1 3 63.4951 401.339 39.0006 0.306359 33115 1
1 2 1 78.1657 524.089 38.7886 0.316397 41989 1
1 2 2 66.8791 478.918 38.7187 0.292271 35631 1
1 2 3 65.8108 470.172 38.7592 0.293927 35126 1
1 3 1 85.1267 668.519 39.091 0.334398 46795 1
1 3 2 73.941 578.633 39.0365 0.311746 40637 1
1 3 3 72.9253 595.73 39.0743 0.315205 40444 1
1 4 1 98.0678 885.796 38.8763 0.316342 55697 1
1 4 2 88.7864 777.084 38.8709 0.318427 50883 1
1 4 3 91.6885 779.413 38.863 0.311042 50944 1
1 5 1 113.283 1195.7 38.9829 0.308398 66737 1
1 5 2 105.211 1023.54 38.9752 0.290561 60574 1
1 5 3 104.495 990.578 38.955 0.304167 59507 1
1 6 1 171.2 749 32.6 0 0 1
1 6 2 133.8 475 32.6 0 0 1
1 6 3 152.9 535 32.6 0 0 1
2 1 1 79.5254 502.284 39.0107 0.30493 41776 1
2 1 2 74.7988 495.595 39.0146 0.309487 40202 1
2 1 3 71.1785 485.464 39.0091 0.312661 39546 1
2 1 4 73.7798 425.179 39.0284 0.323981 39192 1
2 1 5 74.7025 409.899 39.0539 0.330987 38790 1
2 1 6 73.8522 424.483 39.0492 0.313021 39491 1
2 1 7 86.8084 665.001 39.0515 0.310968 47764 1
2 2 1 78.4918 583.709 38.7417 0.300915 42178 1
2 2 2 79.241 611.516 38.7661 0.334495 44167 1
2 2 3 76.0009 515.183 38.7711 0.326481 41629 1
2 2 4 72.2673 483.681 38.7397 0.327925 39357 1
2 2 5 70.0625 460.489 38.8071 0.328158 38762 1
2 2 6 71.9059 445.358 38.812 0.347696 39634 1
2 2 7 84.6347 645.121 38.741 0.303834 47393 1
2 3 1 86.9773 766.211 39.0495 0.309948 49284 1
2 3 2 0 0 0 0 0 -1
2 3 3 86.5486 692.235 39.0524 0.327592 49145 1
2 3 4 82.0754 666.244 39.05 0.318225 46862 1
2 3 5 81.507 623.939 39.0848 0.334191 46491 1
2 3 6 81.0962 588.642 39.0826 0.322852 46019 1
2 3 7 92.8086 746.452 39.0655 0.316226 52890 1
2 4 1 110.382 1057.04 38.8717 0.31894 63676 1
2 4 2 111.219 985.246 38.8633 0.321097 63591 1
2 4 3 114.354 930.192 38.8981 0.334582 64993 1
2 4 4 105.931 840.269 38.9072 0.331013 59629 1
2 4 5 101.964 806.243 38.8943 0.332666 59040 1
2 4 6 103.729 778.752 38.8585 0.327949 58639 1
2 4 7 112.645 894.157 38.885 0.321432 63961 1
2 5 1 0 0 0 0 0 -1
2 5 2 130.409 1173.45 39.0036 0.314624 75711 1
2 5 3 141.651 1171.52 39.0063 0.315988 78934 1
2 5 4 131.877 1098.51 38.9932 0.320004 75811 1
2 5 5 129.349 1010.29 38.9803 0.325166 73020 1
2 5 6 111.977 948.314 38.9534 0.312141 64518 1
2 5 7 136.285 1148.34 38.9799 0.327098 78242 1
2 6 1 251.3 1032 31.4 0 0 1
2 6 2 205.4 640 32.2 0 0 1
2 6 3 154 494 32.2 0 0 1
2 6 4 192.4 627 32.6 0 0 1
2 6 5 187.2 623 31.8 0 0 1
2 6 6 139 499 31.8 0 0 1
2 6 7 144.2 527 32.6 0 0 1
3 1 1 17.8102 123.525 39.0368 0.367413 9882 1
3 1 2 15.7559 124.646 38.9658 0.345578 9515 1
3 1 3 16.1128 126.352 38.9257 0.323107 9611 1
3 1 4 18.0762 131.534 38.9253 0.336906 10312 1
3 1 5 18.0586 143.355 38.881 0.300654 10695 1
3 1 6 19.6965 131.416 38.9271 0.406094 11491 0
3 2 1 15.1008 132.603 38.6481 0.33542 9264 1
3 2 2 18.8311 135.036 38.6606 0.337562 10726 1
3 2 3 14.7107 106.758 38.6282 0.423175 9066 0
3 2 4 15.9017 127.641 38.5831 0.345712 9318 1
3 2 5 16.4754 122.578 38.653 0.406374 9996 0
3 2 6 21.5677 154.709 38.6135 0.406034 12517 0
3 3 1 17.0867 166.345 38.9165 0.425411 11244 0
3 3 2 15.2547 143.841 38.874 0.362696 10502 1
3 3 3 18.9638 145.029 38.9546 0.420135 11541 0
3 3 4 17.3504 163.87 38.9488 0.373581 11171 1
3 3 5 22.093 196.931 38.951 0.33663 12871 1
3 3 6 0 0 0 0 0 -1
3 4 1 0 0 0 0 0 -1
3 4 2 22.2408 188.888 38.717 0.413997 14100 0
3 4 3 22.7364 182.498 38.745 0.452123 14262 0
3 4 4 22.8552 201.509 38.7079 0.400113 14452 0
3 4 5 22.1555 204.846 38.7216 0.391744 14488 1
3 4 6 26.6524 269.206 38.6989 0.377873 17104 1
3 5 1 35.7575 312.918 39.1667 0.401319 21818 0
3 5 2 36.6494 303.021 39.0935 0.34315 21712 1
3 5 3 37.9278 280.03 39.1341 0.40626 22009 0
3 5 4 33.1526 275.75 39.1858 0.423075 20546 0
3 5 5 39.4107 306.781 39.1501 0.416189 23199 0
3 6 1 54.3 333 33 0 0 1
3 6 2 58.1 378 33 0 0 1
3 6 3 54.6 347 33 0 0 1
3 6 4 46.3 359 33 0 0 1
3 6 5 57.5 450 33 0 0 1
3 6 6 60.4 418 35.4 0 0 1
4 1 1 16.2139 130.027 38.8879 0.336894 9334 1
4 1 2 15.8919 129.324 38.9339 0.375355 9864 1
4 1 3 14.9136 120.357 38.9328 0.400496 8983 0
4 1 4 16.9849 124.54 38.9396 0.342213 9856 1
4 1 5 18.457 160.009 38.8164 0.322241 10624 1
4 1 6 0 0 0 0 0 -1
4 2 1 15.7707 141.302 38.6658 0.329245 10049 1
4 2 2 16.8128 151.009 38.5993 0.347188 10155 1
4 2 3 14.6412 119.281 38.6104 0.423178 9333 0
4 2 4 15.5581 126.765 38.595 0.354529 9470 1
4 2 5 0 0 0 0 0 -1
4 2 6 18.3121 157.066 38.6441 0.370806 10975 1
4 3 1 14.7317 152.655 38.8288 0.35389 9856 1
4 3 2 0 0 0 0 0 -1
4 3 3 19.2942 167.396 38.9122 0.352175 11426 1
4 3 4 18.563 150.875 38.9866 0.415329 11582 0
4 3 5 19.4754 188.075 38.8899 0.366503 12384 1
4 3 6 20.6314 167.619 38.9511 0.360507 12249 1
4 4 1 23.5755 237.943 38.8255 0.359771 14993 1
4 4 2 24.0304 245.896 38.7991 0.354042 15480 1
4 4 3 19.4441 192.419 38.6449 0.347551 12581 1
4 4 4 24.3225 199.675 38.8547 0.420945 14663 0
4 4 5 23.7415 222.401 38.724 0.36118 14712 1
4 4 6 24.1673 252.696 38.7295 0.347691 14862 1
4 5 1 35.4538 291.993 39.1093 0.410101 21346 0
4 5 2 35.3467 289.618 39.1255 0.401251 21323 0
4 5 3 35.3494 293.568 39.1464 0.40009 20979 0
4 5 4 36.9736 321.203 39.0748 0.335698 21765 1
4 5 5 37.6616 306.742 39.1464 0.410076 22746 0
4 6 1 35.8 304 43.4 0 0 1
4 6 2 36.1 277 42.6 0 0 1
4 6 3 43.4 331 42.2 0 0 1
4 6 4 51.7 360 41.8 0 0 1
4 6 5 59.1 425 41.8 0 0 1
4 6 6 53 393 41.8 0 0 1
5 1 1 99.9219 836.219 38.9807 0.289014 56318 1
5 1 2 104.93 654.365 39.0557 0.313704 56078 1
5 2 1 115.137 828.731 38.7264 0.29399 63126 1
5 2 2 113.61 676.186 38.787 0.310156 60901 1
5 3 1 119.031 986.352 38.9985 0.290923 67058 1
5 3 2 124.37 820.698 39.0764 0.325632 68266 1
5 4 1 141.57 1282.43 38.8252 0.291311 81256 1
5 4 2 150.871 1083.61 38.8873 0.322971 83344 1
5 6 1 191.1 652 33 0 0 1
5 6 2 250.2 941 32.2 0 0 1
