1 1 1 73.495 603.496 273.445 0.216622 44761 1
1 1 2 61.8227 540.229 273.406 0.196649 35460 1
1 1 3 63.3096 522.365 273.507 0.230171 35803 1
1 2 1 74.7 649.995 273.333 0.228034 46023 1
1 2 2 59.261 579.856 273.36 0.218379 35858 1
1 2 3 63.5015 608.435 273.346 0.205669 36823 1
1 3 1 83.7808 800.233 273.509 0.248822 52025 1
1 3 2 68.8679 722.299 273.438 0.226264 42197 1
1 3 3 73.6751 763.867 273.448 0.226059 44707 1
1 4 1 92.7441 1074.65 273.425 0.227552 60103 1
1 4 2 80.8757 946.226 273.421 0.235717 51693 1
1 4 3 85.1273 958.327 273.457 0.242727 52827 1
1 5 1 117.936 1550.98 274.012 0.234304 77276 1
1 5 2 102.014 1286.65 274.044 0.224397 65142 1
1 5 3 105.738 1315.46 273.99 0.214831 65366 1
1 6 1 184.8 787 267.8 0 0 1
1 6 2 140.8 506 267.8 0 0 1
1 6 3 164.2 554 267.8 0 0 1
2 1 1 73.7537 659.16 273.376 0.207961 42711 1
2 1 2 65.0268 595.027 273.402 0.222057 38852 1
2 1 3 70.2762 643.417 273.35 0.21895 41855 1
2 1 4 68.8755 534.871 273.431 0.223401 39983 1
2 1 5 66.0224 513.437 273.418 0.226749 37937 1
2 1 6 68.108 524.27 273.453 0.222713 39666 1
2 1 7 84.56 846.543 273.364 0.210116 50058 1
2 2 1 76.2077 738.447 273.237 0.21789 45177 1
2 2 2 67.1701 748.899 273.215 0.236501 41535 1
2 2 3 75.3739 645.25 273.352 0.244916 45162 1
2 2 4 67.5228 609.963 273.253 0.22773 40445 1
2 2 5 67.3356 541.781 273.373 0.264997 40807 1
2 2 6 65.8205 523.356 273.355 0.243445 39357 1
2 2 7 84.024 796.65 273.331 0.226702 49778 1
2 3 1 88.3662 1025.29 273.254 0.22677 55414 1
2 3 2 0 0 0 0 0 -1
2 3 3 87.0926 915.425 273.302 0.22603 53387 1
2 3 4 79.4897 789.387 273.413 0.255649 49253 1
2 3 5 73.4379 762.841 273.385 0.23056 46453 1
2 3 6 78.2066 721.77 273.364 0.242944 47750 1
2 3 7 94.6436 917.542 273.372 0.236062 56920 1
2 4 1 113.296 1375.76 273.381 0.226313 70795 1
2 4 2 97.8329 1208.9 273.372 0.229652 62941 1
2 4 3 113.453 1190.76 273.423 0.242916 69316 1
2 4 4 106.003 1038.93 273.45 0.237674 64228 1
2 4 5 97.6689 969.575 273.441 0.239068 61041 1
2 4 6 102.2 987.299 273.293 0.232103 61861 1
2 4 7 94.9389 1011.87 273.452 0.239543 59849 1
2 5 1 0 0 0 0 0 -1
2 5 2 124.757 1528.97 273.893 0.217481 78788 1
2 5 3 142.005 1529.42 273.956 0.225686 84717 1
2 5 4 128.203 1421.96 273.87 0.228468 79246 1
2 5 5 121.621 1300.66 273.875 0.234954 74753 1
2 5 6 103.041 1200.97 273.787 0.230287 65814 1
2 5 7 128.336 1423.2 273.882 0.24816 79676 1
2 6 1 285.1 1090 267 0 0 1
2 6 2 219.9 693 267 0 0 1
2 6 3 165.5 531 267 0 0 1
2 6 4 212.6 664 267.4 0 0 1
2 6 5 185.3 672 267 0 0 1
2 6 6 144.8 558 267 0 0 1
2 6 7 144.1 591 267 0 0 1
3 1 1 16.921 158.627 273.434 0.234794 10505 1
3 1 2 16.218 164.487 273.485 0.238864 10665 1
3 1 3 16.8558 180.932 273.376 0.193057 10528 1
3 1 4 17.9789 184.335 273.4 0.197431 11235 1
3 1 5 17.96 207.192 273.387 0.195045 11364 1
3 1 6 13.9294 170.175 273.443 0.228053 9471 1
3 2 1 16.0264 193.194 273.247 0.202216 10388 1
3 2 2 16.1494 165.484 273.353 0.228465 10399 1
3 2 3 14.8358 152.295 273.28 0.245987 10075 1
3 2 4 17.0693 181.282 273.355 0.211385 10578 1
3 2 5 15.9338 177.111 273.314 0.234738 10971 1
3 2 6 21.4999 222.175 273.346 0.255416 13611 1
3 3 1 17.0302 257.461 273.398 0.232755 12301 1
3 3 2 16.778 199.047 273.412 0.228492 11812 1
3 3 3 19.4917 200.995 273.438 0.23809 12405 1
3 3 4 17.1783 228.11 273.349 0.24167 12392 1
3 3 5 23.0854 281.188 273.434 0.217361 14335 1
3 3 6 0 0 0 0 0 -1
3 4 1 0 0 0 0 0 -1
3 4 2 19.6084 251.203 273.344 0.238699 13731 1
3 4 3 22.2196 257.174 273.354 0.246203 15035 1
3 4 4 21.9812 286.506 273.393 0.236089 15359 1
3 4 5 20.9135 282.337 273.357 0.234268 14996 1
3 4 6 27.4908 384.515 273.364 0.23507 18472 1
3 5 1 39.5806 486.927 273.949 0.218495 24786 1
3 5 2 38.3185 445.84 273.97 0.216767 24267 1
3 5 3 40.8461 438.414 273.958 0.224863 24708 1
3 5 4 35.7741 421.564 273.958 0.227932 22904 1
3 5 5 41.149 486.453 273.99 0.231473 26221 1
3 6 1 54.8 339 268.6 0 0 1
3 6 2 59.4 387 268.6 0 0 1
3 6 3 56.2 357 268.2 0 0 1
3 6 4 47.1 328 268.6 0 0 1
3 6 5 60.7 437 268.6 0 0 1
3 6 6 63 389 269 0 0 1
4 1 1 16.5375 179.284 273.372 0.213772 10318 1
4 1 2 15.8109 176.484 273.501 0.240186 10762 1
4 1 3 16.1079 170.759 273.381 0.227888 10018 1
4 1 4 17.5138 190.295 273.407 0.195114 10897 1
4 1 5 19.0745 237.914 273.355 0.184851 11810 1
4 1 6 0 0 0 0 0 -1
4 2 1 16.3991 215.481 273.216 0.191503 11203 1
4 2 2 17.3985 191.686 273.315 0.261149 11424 1
4 2 3 16.2385 182.938 273.25 0.210232 10483 1
4 2 4 15.1616 182.202 273.237 0.215468 10540 1
4 2 5 0 0 0 0 0 -1
4 2 6 17.3863 221.078 273.277 0.202485 11655 1
4 3 1 15.2794 211.105 273.366 0.237049 11336 1
4 3 2 0 0 0 0 0 -1
4 3 3 19.7673 232.118 273.35 0.221828 12716 1
4 3 4 17.3933 228.115 273.343 0.224666 12512 1
4 3 5 20.1579 281.822 273.339 0.213471 13905 1
4 3 6 19.271 224.959 273.359 0.22524 12201 1
4 4 1 23.4598 323.859 273.461 0.235131 16125 1
4 4 2 25.5139 344.982 273.451 0.247778 17736 1
4 4 3 19.9358 266.769 273.394 0.236611 13971 1
4 4 4 24.5538 303.158 273.389 0.222233 15991 1
4 4 5 23.6366 307.853 273.401 0.235556 16258 1
4 4 6 26.1248 344.35 273.372 0.234697 17185 1
4 5 1 39.0458 486.923 273.883 0.214629 24618 1
4 5 2 39.7783 462.617 273.898 0.210527 24329 1
4 5 3 37.9103 454.561 273.935 0.22254 23934 1
4 5 4 40.7747 459.316 273.95 0.218054 25040 1
4 5 5 42.2128 478.549 273.976 0.217428 25821 1
4 6 1 37.9 326 278.2 0 0 1
4 6 2 43.9 292 277.4 0 0 1
4 6 3 52.4 323 277 0 0 1
4 6 4 58.8 391 276.6 0 0 1
4 6 5 56.3 420 276.2 0 0 1
4 6 6 61.2 364 276.2 0 0 1
5 1 1 95.4383 1037.27 273.396 0.210736 57145 1
5 1 2 99.4519 763.227 273.452 0.226338 56313 1
5 2 1 111.963 1008.89 273.277 0.217487 65089 1
5 2 2 110.641 834.574 273.259 0.220049 62468 1
5 3 1 120.802 1175.66 273.35 0.231737 71840 1
5 3 2 120.769 981.949 273.441 0.240879 70107 1
5 4 1 130.022 1514.61 273.43 0.227198 81833 1
5 4 2 148.866 1342.89 273.361 0.242037 88326 1
5 6 1 203.5 670 267.4 0 0 1
5 6 2 278.1 992 267.4 0 0 1
