1 1 1 33.4272 279.868 273.355 0.217724 20870 1
1 1 2 26.7425 247.463 273.334 0.223232 16495 1
1 1 3 26.9424 250.455 273.433 0.254247 16716 1
1 2 1 34.4754 300.199 273.233 0.229691 21299 1
1 2 2 22.8534 240.113 273.285 0.219958 14858 1
1 2 3 25.94 252.233 273.273 0.22655 16328 1
1 3 1 36.9696 356.994 273.433 0.257172 23720 1
1 3 2 25.757 270.229 273.348 0.249042 17133 1
1 3 3 33.6138 339.973 273.367 0.246382 20892 1
1 4 1 42.8813 491.725 273.332 0.223833 27613 1
1 4 2 37.8448 441.96 273.319 0.223847 23939 1
1 4 3 36.5749 438.784 273.358 0.2436 23934 1
1 5 1 52.1577 684.957 273.924 0.246063 35287 1
1 5 2 46.3376 577.138 273.958 0.234258 30008 1
1 5 3 45.6173 565.753 273.925 0.246613 29686 1
1 6 1 80.6 326 267.4 0 0 1
1 6 2 69.5 239 267.4 0 0 1
1 6 3 76.1 260 267.8 0 0 1
2 1 1 33.8761 302.675 273.278 0.214982 19964 1
2 1 2 29.6314 256.468 273.332 0.248726 17867 1
2 1 3 32.3583 291.356 273.268 0.221735 19245 1
2 1 4 31.7302 236.641 273.351 0.257285 18843 1
2 1 5 29.1288 230.272 273.316 0.227411 17518 1
2 1 6 31.9107 237.448 273.385 0.232212 18271 1
2 1 7 39.4813 381.91 273.28 0.217493 23178 1
2 2 1 33.8726 341.235 273.176 0.249019 20841 1
2 2 2 30.228 339.945 273.128 0.245771 19343 1
2 2 3 31.563 297.795 273.25 0.246393 20527 1
2 2 4 29.152 286.765 273.171 0.25344 18658 1
2 2 5 30.3461 244.871 273.295 0.277269 19020 1
2 2 6 29.5092 242.04 273.25 0.240899 17972 1
2 2 7 35.5713 344.625 273.255 0.241997 22419 1
2 3 1 39.3051 436.346 273.181 0.250628 25128 1
2 3 2 0 0 0 0 0 -1
2 3 3 39.9968 409.539 273.226 0.237956 24600 1
2 3 4 35.4768 352.249 273.315 0.261332 22551 1
2 3 5 33.5942 339.267 273.312 0.24003 21100 1
2 3 6 35.541 324.978 273.281 0.266738 22016 1
2 3 7 42.8311 426.608 273.266 0.22066 26193 1
2 4 1 50.4246 613.238 273.29 0.244031 32678 1
2 4 2 44.4959 549.832 273.264 0.232182 28644 1
2 4 3 51.781 516.856 273.339 0.253132 31657 1
2 4 4 47.4192 468.772 273.36 0.245982 29146 1
2 4 5 46.828 439.911 273.358 0.249328 28054 1
2 4 6 45.1352 429.944 273.222 0.25075 28113 1
2 4 7 41.2072 451.485 273.395 0.260445 27528 1
2 5 1 0 0 0 0 0 -1
2 5 2 55.3098 693.407 273.826 0.246643 36060 1
2 5 3 60.9132 663.36 273.888 0.258051 39189 1
2 5 4 56.795 638.154 273.807 0.261749 36275 1
2 5 5 54.2442 592.225 273.793 0.236262 34292 1
2 5 6 46.4367 519.695 273.717 0.261445 30470 1
2 5 7 56.7992 621.316 273.769 0.243738 36505 1
2 6 1 130.3 502 266.6 0 0 1
2 6 2 103 341 267 0 0 1
2 6 3 79.3 264 267.4 0 0 1
2 6 4 93.9 296 267.8 0 0 1
2 6 5 88.2 309 267 0 0 1
2 6 6 64.3 237 266.6 0 0 1
2 6 7 70.7 255 266.6 0 0 1
3 1 1 7.16169 84.1252 273.388 0.254971 5025 1
3 1 2 8.66947 73.0039 273.342 0.199821 5150 1
3 1 3 7.73735 68.6969 273.397 0.282067 5027 1
3 1 4 9.13496 72.2448 273.373 0.264825 5321 1
3 1 5 8.08508 85.7393 273.343 0.242305 5339 1
3 1 6 6.8997 81.1582 273.37 0.212643 4688 1
3 2 1 7.23164 70.4582 273.206 0.255013 4715 1
3 2 2 7.03171 89.0989 273.353 0.23746 5155 1
3 2 3 7.74162 79.5736 273.221 0.246116 4806 1
3 2 4 7.22403 86.0732 273.277 0.21013 5164 1
3 2 5 7.93372 100.89 273.209 0.20262 5361 1
3 2 6 10.2734 96.4927 273.284 0.293064 6425 1
3 3 1 7.68719 109.002 273.363 0.273577 5858 1
3 3 2 8.08886 98.8815 273.345 0.22583 5586 1
3 3 3 7.90836 96.059 273.392 0.261332 5824 1
3 3 4 8.42022 100.39 273.235 0.235809 5898 1
3 3 5 10.614 113.495 273.344 0.223764 6794 1
3 3 6 0 0 0 0 0 -1
3 4 1 0 0 0 0 0 -1
3 4 2 9.04919 114.229 273.316 0.303889 6655 1
3 4 3 9.15644 119.58 273.319 0.285751 7288 1
3 4 4 10.3805 142.126 273.309 0.227195 7351 1
3 4 5 9.79331 129.07 273.297 0.258 7203 1
3 4 6 13.2313 166.761 273.269 0.228267 8795 1
3 5 1 18.4881 219.163 273.879 0.226728 11446 1
3 5 2 17.7378 199.017 273.878 0.231418 11339 1
3 5 3 19.1032 201.647 273.863 0.217911 11531 1
3 5 4 15.4859 188.568 273.849 0.232638 10557 1
3 5 5 18.7352 219.151 273.878 0.226741 12157 1
3 6 1 24.6 176 268.2 0 0 1
3 6 2 25.2 168 268.2 0 0 1
3 6 3 23.3 176 268.2 0 0 1
3 6 4 21.5 141 268.6 0 0 1
3 6 5 30.5 215 268.6 0 0 1
3 6 6 30 172 269 0 0 1
4 1 1 7.17854 82.5792 273.284 0.219809 4814 1
4 1 2 6.62817 78.4323 273.412 0.246524 5084 1
4 1 3 6.80783 69.0815 273.336 0.277318 4765 1
4 1 4 7.6534 88.0643 273.312 0.196993 5202 1
4 1 5 7.79757 90.6093 273.269 0.243983 5461 1
4 1 6 0 0 0 0 0 -1
4 2 1 7.27133 84.7658 273.161 0.247636 5248 1
4 2 2 7.13175 92.9132 273.248 0.265971 5429 1
4 2 3 6.48755 83.6823 273.219 0.25138 4889 1
4 2 4 6.66167 77.8406 273.173 0.26023 4973 1
4 2 5 0 0 0 0 0 -1
4 2 6 8.42528 98.877 273.221 0.230148 5558 1
4 3 1 7.05292 96.9737 273.241 0.225655 5380 1
4 3 2 0 0 0 0 0 -1
4 3 3 7.80049 99.8312 273.259 0.223613 6046 1
4 3 4 8.81418 103.69 273.253 0.223493 5828 1
4 3 5 7.69079 128.021 273.239 0.23226 6551 1
4 3 6 7.99575 101.694 273.288 0.264778 5757 1
4 4 1 10.0308 137.826 273.358 0.236756 7543 1
4 4 2 12.0102 166.919 273.363 0.241417 8516 1
4 4 3 9.61627 140.811 273.295 0.243957 6962 1
4 4 4 10.5827 131.976 273.339 0.256219 7526 1
4 4 5 12.0362 142.383 273.317 0.219471 7780 1
4 4 6 11.8528 156.282 273.318 0.263637 8499 1
4 5 1 17.2588 212.828 273.864 0.261437 11311 1
4 5 2 17.425 213.914 273.872 0.253819 11339 1
4 5 3 17.4893 193.88 273.845 0.250599 11132 1
4 5 4 17.8492 210.026 273.886 0.22586 11508 1
4 5 5 17.7397 212.896 273.87 0.23643 11899 1
4 6 1 19.9 156 277.8 0 0 1
4 6 2 22.4 147 277.4 0 0 1
4 6 3 22.3 165 277 0 0 1
4 6 4 26.9 171 276.2 0 0 1
4 6 5 26.3 214 276.2 0 0 1
4 6 6 27.7 178 276.2 0 0 1
5 1 1 41.8245 458.579 273.312 0.226126 26056 1
5 1 2 44.2139 349.107 273.36 0.22444 25860 1
5 2 1 51.1799 462.265 273.218 0.241188 30121 1
5 2 2 49.3872 375.815 273.19 0.246842 28719 1
5 3 1 53.3186 528.281 273.287 0.250335 32904 1
5 3 2 51.8893 421.718 273.344 0.255324 31601 1
5 4 1 58.8113 625.371 273.351 0.24688 36927 1
5 4 2 66.654 638.418 273.27 0.240021 40853 1
5 6 1 106.1 341 268.6 0 0 1
5 6 2 129 415 267.4 0 0 1
