1 1 1 28.7881 202.491 38.9675 0.305031 15926 1
1 1 2 23.0759 174.968 38.9052 0.298616 13072 1
1 1 3 22.5254 194.684 38.9184 0.301807 13460 1
1 2 1 29.5309 226.105 38.7315 0.331813 16370 1
1 2 2 19.9471 163.145 38.6233 0.283924 11515 1
1 2 3 21.438 183.836 38.7163 0.318127 13010 1
1 3 1 31.0592 256.454 39.0949 0.40029 18152 0
1 3 2 21.5987 206.816 38.9802 0.327982 13326 1
1 3 3 28.6918 256.177 38.9998 0.329248 16614 1
1 4 1 36.5187 360.6 38.8333 0.324313 21406 1
1 4 2 33.2751 313.825 38.8105 0.295922 19054 1
1 4 3 31.8054 329.989 38.8045 0.307127 19202 1
1 5 1 44.3036 510.57 38.892 0.309782 27550 1
1 5 2 40.6562 436.499 38.8983 0.304602 23994 1
1 5 3 39.1888 420.135 38.8707 0.3241 24001 1
1 6 1 72.8 330 32.6 0 0 1
1 6 2 57.8 203 32.2 0 0 1
1 6 3 64.8 226 32.2 0 0 1
2 1 1 29.3457 213.194 38.9512 0.305246 15974 1
2 1 2 25.3917 203.329 38.9495 0.320562 14480 1
2 1 3 28.2838 205.87 38.9118 0.294463 15590 1
2 1 4 26.6287 183.233 38.925 0.314743 15245 1
2 1 5 24.4368 163.39 38.9734 0.355967 14066 1
2 1 6 27.2393 184.434 38.9634 0.292005 14992 1
2 1 7 33.4429 276.484 38.9361 0.301612 18924 1
2 2 1 29.5336 260.775 38.7022 0.327914 16742 1
2 2 2 25.5266 239.135 38.6796 0.332652 15306 1
2 2 3 27.2751 226.485 38.6914 0.343711 16610 1
2 2 4 25.3564 210.669 38.6618 0.325862 15065 1
2 2 5 26.3888 175.947 38.7969 0.402783 15385 0
2 2 6 25.5361 183.176 38.6925 0.322492 14573 1
2 2 7 30.9863 261.226 38.6899 0.305497 18420 1
2 3 1 34.2159 315.923 38.9756 0.321496 19981 1
2 3 2 0 0 0 0 0 -1
2 3 3 33.6743 302.012 38.9797 0.321708 19870 1
2 3 4 30.6319 275.403 38.9796 0.338326 18393 1
2 3 5 28.6954 244.456 38.9886 0.33395 17074 1
2 3 6 30.0084 226.512 39.0341 0.403677 17933 0
2 3 7 36.4757 321.883 38.9828 0.304192 21222 1
2 4 1 43.6822 444.957 38.814 0.328758 26200 1
2 4 2 38.466 400.688 38.7882 0.324685 23167 1
2 4 3 43.1178 378.854 38.8579 0.350638 25681 1
2 4 4 41.1783 369.476 38.8486 0.332415 23772 1
2 4 5 39.5672 340.287 38.8309 0.339021 22736 1
2 4 6 38.7593 310.78 38.8112 0.341892 23014 1
2 4 7 35.3566 344.203 38.8546 0.336919 22446 1
2 5 1 0 0 0 0 0 -1
2 5 2 46.678 515.903 38.9128 0.314968 29208 1
2 5 3 52.3002 508.952 38.9145 0.325997 32105 1
2 5 4 49.199 481.561 38.8998 0.324811 29693 1
2 5 5 46.1605 425.09 38.9043 0.335439 27961 1
2 5 6 39.7425 388.354 38.8717 0.336739 24802 1
2 5 7 48.7107 460.575 38.8797 0.328966 29969 1
2 6 1 114.3 483 31.4 0 0 1
2 6 2 87.2 314 31.8 0 0 1
2 6 3 65.7 239 32.2 0 0 1
2 6 4 80.6 280 31.8 0 0 1
2 6 5 82.3 271 31.8 0 0 1
2 6 6 61.3 207 31.8 0 0 1
2 6 7 57.4 234 31.4 0 0 1
3 1 1 5.64993 58.4965 38.8863 0.335516 4008 1
3 1 2 7.4674 48.3596 38.898 0.389084 4150 1
3 1 3 6.27557 47.6799 38.9818 0.411731 4081 0
3 1 4 6.98592 54.3986 38.8199 0.343724 4308 1
3 1 5 7.347 51.8999 38.8506 0.381127 4329 1
3 1 6 5.70003 48.7429 38.8835 0.401643 3753 0
3 2 1 5.97972 47.2312 38.6514 0.401268 3870 0
3 2 2 5.68131 63.6907 38.654 0.343163 4201 1
3 2 3 5.71565 55.1332 38.5059 0.368364 3888 1
3 2 4 5.77179 51.2828 38.5784 0.429389 4116 0
3 2 5 6.07516 68.7657 38.5738 0.339574 4335 1
3 2 6 8.27158 67.7719 38.5973 0.409972 5172 0
3 3 1 5.75754 74.4807 38.9106 0.436738 4738 0
3 3 2 5.84221 62.7635 38.8169 0.404909 4523 0
3 3 3 6.88268 65.5943 38.9378 0.439797 4688 0
3 3 4 6.36522 64.2285 38.9472 0.4537 4774 0
3 3 5 8.74663 77.9638 38.8872 0.357035 5484 1
3 3 6 0 0 0 0 0 -1
3 4 1 0 0 0 0 0 -1
3 4 2 7.61154 77.5542 38.6256 0.426155 5360 0
3 4 3 7.77693 81.7621 38.7352 0.445212 5885 0
3 4 4 8.93892 96.9435 38.6133 0.337687 5914 1
3 4 5 8.47384 89.011 38.6482 0.356792 5867 1
3 4 6 10.8776 105.927 38.6778 0.374264 7121 1
3 5 1 14.4715 133.495 39.0899 0.414277 9298 0
3 5 2 15.0635 128.299 39.067 0.406698 9298 0
3 5 3 15.9734 134.726 38.9892 0.326394 9441 1
3 5 4 12.6845 115.456 39.0394 0.408578 8619 0
3 5 5 15.935 134.655 39.04 0.420436 9939 0
3 6 1 22 148 33 0 0 1
3 6 2 23.2 156 33 0 0 1
3 6 3 24.4 156 33 0 0 1
3 6 4 19.4 138 33 0 0 1
3 6 5 23.5 193 33.4 0 0 1
3 6 6 24.7 189 35.4 0 0 1
4 1 1 6.10792 48.6683 38.8041 0.437086 3914 0
4 1 2 5.10629 56.9685 38.8174 0.351799 4046 1
4 1 3 5.53535 45.2807 38.8112 0.409942 3840 0
4 1 4 6.52199 52.1893 38.8353 0.315203 4117 1
4 1 5 6.94737 64.6502 38.7044 0.320755 4408 1
4 1 6 0 0 0 0 0 -1
4 2 1 5.61788 60.8364 38.5959 0.341101 4242 1
4 2 2 5.53597 59.7107 38.6096 0.428394 4397 0
4 2 3 5.88907 57.0297 38.5393 0.353903 3997 1
4 2 4 5.41921 52.8358 38.5575 0.427144 3969 0
4 2 5 0 0 0 0 0 -1
4 2 6 6.2061 62.0784 38.5589 0.403858 4484 0
4 3 1 5.63699 65.0707 38.8412 0.41442 4276 0
4 3 2 0 0 0 0 0 -1
4 3 3 5.8927 66.6941 38.8686 0.407205 4867 0
4 3 4 7.22603 71.2266 38.8069 0.300085 4644 1
4 3 5 6.38994 82.8768 38.7751 0.351629 5254 1
4 3 6 6.98002 68.0081 38.8007 0.330418 4629 1
4 4 1 8.37182 88.8434 38.7834 0.400539 6024 0
4 4 2 10.1109 113.774 38.7331 0.339177 6886 1
4 4 3 8.39211 98.1981 38.5613 0.353139 5570 1
4 4 4 9.04522 86.9619 38.7641 0.408457 6107 0
4 4 5 10.4783 95.4268 38.6155 0.332064 6303 1
4 4 6 10.0555 120.586 38.6346 0.317114 6752 1
4 5 1 14.6576 140.723 39.0571 0.389179 9352 1
4 5 2 15.2254 134.948 39.0464 0.402191 9270 0
4 5 3 14.7594 136.694 38.997 0.363705 9175 1
4 5 4 16.0139 147.984 38.9548 0.308871 9435 1
4 5 5 14.7273 141.833 39.0059 0.389074 9674 1
4 6 1 17.9 147 43.4 0 0 1
4 6 2 15.8 134 42.6 0 0 1
4 6 3 21.3 151 42.6 0 0 1
4 6 4 23 168 41.8 0 0 1
4 6 5 23.8 197 41.4 0 0 1
4 6 6 29.3 160 41.8 0 0 1
5 1 1 34.8393 329.589 38.8986 0.307999 21498 1
5 1 2 37.1112 261.072 38.9688 0.317354 21160 1
5 2 1 44.3434 325.356 38.6698 0.3279 24940 1
5 2 2 42.8566 288.094 38.7124 0.318822 23659 1
5 3 1 45.9897 389.343 38.9399 0.327547 27107 1
5 3 2 45.5135 336.578 38.9983 0.335555 26143 1
5 4 1 49.6388 478.135 38.7774 0.321944 30177 1
5 4 2 57.1094 466.928 38.8351 0.333758 33549 1
5 6 1 83.9 297 31.8 0 0 1
5 6 2 111.5 402 32.6 0 0 1
