1 1 1 6.62934 75.2335 38.8857 0.310661 4509 1
1 1 2 4.98149 61.9387 38.7906 0.306679 3674 1
1 1 3 5.43916 67.1974 38.8311 0.317609 3797 1
1 2 1 6.32054 93.2671 38.5784 0.302093 4678 1
1 2 2 4.10427 71.0953 38.5513 0.305713 3627 1
1 2 3 5.43613 70.1149 38.5789 0.307035 3859 1
1 3 1 7.36969 95.8895 38.9197 0.330249 5116 1
1 3 2 5.48151 93.6672 38.8769 0.305164 4343 1
1 3 3 6.33208 95.7205 38.9195 0.311058 4796 1
1 4 1 8.15771 142.676 38.7025 0.289139 6149 1
1 4 2 7.22919 115.615 38.6895 0.322271 5467 1
1 4 3 6.96121 118.469 38.6828 0.312715 5399 1
1 5 1 10.3568 198.355 38.7952 0.295828 7839 1
1 5 2 9.14568 166.401 38.7443 0.274258 6873 1
1 5 3 8.72951 164.936 38.7134 0.274585 6832 1
1 6 1 19.1 114 32.2 0 0 1
1 6 2 17.1 79 33 0 0 1
1 6 3 15.5 89 31.4 0 0 1
2 1 1 6.15399 79.2571 38.8102 0.325731 4431 1
2 1 2 6.09931 75.0789 38.7938 0.320977 4159 1
2 1 3 5.94882 71.1634 38.7618 0.333407 4275 1
2 1 4 5.99769 64.8803 38.9674 0.348556 4374 1
2 1 5 4.77679 70.1964 38.8744 0.295158 4061 1
2 1 6 6.88822 62.3906 38.9846 0.320199 4209 1
2 1 7 7.60932 103.895 38.8976 0.275917 5337 1
2 2 1 6.92236 92.4305 38.5348 0.320478 4875 1
2 2 2 5.18091 95.0217 38.4712 0.307586 4401 1
2 2 3 6.24958 85.1492 38.4573 0.329448 4768 1
2 2 4 5.36853 65.5492 38.7434 0.430733 4352 0
2 2 5 6.16588 63.4626 38.7757 0.402436 4254 0
2 2 6 4.61273 81.2283 38.6482 0.293321 4188 1
2 2 7 6.72877 100.121 38.6367 0.316858 5298 1
2 3 1 7.46561 124.589 38.8789 0.295607 5712 1
2 3 2 0 0 0 0 0 -1
2 3 3 7.48147 103.211 38.7667 0.334625 5615 1
2 3 4 5.54458 97.8651 39.023 0.347055 5265 1
2 3 5 5.6882 89.8357 38.9674 0.296786 4772 1
2 3 6 6.02022 88.1339 38.9964 0.300805 4938 1
2 3 7 8.07706 106.077 39.0164 0.331941 6004 1
2 4 1 8.82817 168.851 38.6866 0.325149 7490 1
2 4 2 8.38988 160.1 38.6104 0.273441 6551 1
2 4 3 9.26176 155.119 38.5815 0.301624 7244 1
2 4 4 8.12196 135.302 38.808 0.301869 6740 1
2 4 5 9.64143 133.01 38.7868 0.289736 6597 1
2 4 6 8.23302 107.236 38.8401 0.403771 6581 0
2 4 7 8.49963 130.554 38.803 0.320477 6570 1
2 5 1 0 0 0 0 0 -1
2 5 2 10.1041 170.805 38.7315 0.33888 8261 1
2 5 3 11.8015 184.685 38.7316 0.318222 8945 1
2 5 4 11.1766 170.357 38.895 0.324197 8297 1
2 5 5 10.1884 159.201 38.9016 0.348551 7918 1
2 5 6 8.9974 152.869 38.8235 0.294376 7071 1
2 5 7 11.456 183.692 38.858 0.320626 8707 1
2 6 1 29.3 154 31.4 0 0 1
2 6 2 22.4 115 31 0 0 1
2 6 3 16.7 76 31.4 0 0 1
2 6 4 21.5 107 32.2 0 0 1
2 6 5 21.9 92 31.4 0 0 1
2 6 6 16.1 80 31.4 0 0 1
2 6 7 15.4 72 31.4 0 0 1
3 1 1 1.80391 17.2655 38.9676 0.395008 1246 1
3 1 2 1.48996 18.5508 38.825 0.293551 1213 1
3 1 3 1.74952 16.999 39.0327 0.417745 1203 0
3 1 4 1.73258 20.3917 38.9901 0.351831 1349 1
3 1 5 1.86674 18.3716 38.9392 0.437683 1295 0
3 1 6 1.56556 25.7575 38.8032 0.263642 1135 1
3 2 1 1.59069 17.8404 38.587 0.40643 1167 0
3 2 2 1.68512 18.5029 38.6405 0.369041 1229 1
3 2 3 1.72139 18.0384 38.5994 0.400607 1162 0
3 2 4 1.58502 18.8883 38.68 0.401799 1233 0
3 2 5 2.00132 21.406 38.5214 0.378403 1351 1
3 2 6 2.02672 30.7157 38.5148 0.28533 1523 1
3 3 1 1.63782 27.2966 38.8765 0.404693 1466 0
3 3 2 1.7831 28.5061 38.7713 0.268468 1308 1
3 3 3 1.77196 24.1175 39.0119 0.400624 1397 0
3 3 4 1.73467 21.6792 38.939 0.431077 1386 0
3 3 5 2.05303 27.5913 38.8832 0.322802 1650 1
3 3 6 0 0 0 0 0 -1
3 4 1 0 0 0 0 0 -1
3 4 2 1.63027 31.8844 38.5494 0.354028 1592 1
3 4 3 2.12919 34.2145 38.6462 0.272241 1662 1
3 4 4 2.13336 33.741 38.6868 0.333139 1824 1
3 4 5 1.96711 32.9378 38.7069 0.408272 1747 1
3 4 6 2.27336 43.4389 38.6429 0.37683 2137 1
3 5 1 3.24778 53.7926 39.0196 0.406968 2764 0
3 5 2 2.60517 47.6986 38.9448 0.355454 2587 1
3 5 3 3.01912 55.5748 39.0288 0.3414 2739 1
3 5 4 2.57641 49.4808 38.9727 0.328154 2486 1
3 5 5 2.832 57.462 38.9663 0.294494 2672 1
3 6 1 6.1 49 33 0 0 1
3 6 2 6.1 49 33 0 0 1
3 6 3 6.1 49 33 0 0 1
3 6 4 6.1 49 33 0 0 1
3 6 5 6.1 49 33 0 0 1
3 6 6 6.5 62 28 0 0 1
4 1 1 1.57464 20.4189 39.25 0.362389 1119 1
4 1 2 1.70537 20.4717 39.2567 0.31367 1243 1
4 1 3 1.61289 22.3516 39.145 0.314115 1212 1
4 1 4 1.6218 19.5187 39.1418 0.377129 1182 1
4 1 5 1.56746 22.5939 38.9886 0.374193 1347 1
4 1 6 0 0 0 0 0 -1
4 2 1 1.91347 20.0465 39.1309 0.368991 1262 1
4 2 2 1.82693 25.9165 38.9798 0.297335 1298 1
4 2 3 1.62179 20.8193 38.8939 0.304549 1163 1
4 2 4 1.60017 20.9538 38.8028 0.258634 1174 1
4 2 5 0 0 0 0 0 -1
4 2 6 2.15557 23.953 38.7745 0.356432 1339 1
4 3 1 1.45767 25.2296 39.2775 0.348467 1306 1
4 3 2 0 0 0 0 0 -1
4 3 3 1.65707 26.3604 39.2106 0.298044 1490 1
4 3 4 2.12434 23.1607 39.1983 0.375855 1382 1
4 3 5 1.6255 27.3432 39.1995 0.441555 1534 0
4 3 6 1.80248 27.5508 39.1567 0.374885 1418 1
4 4 1 2.15253 35.8538 39.2853 0.37765 1936 1
4 4 2 2.13972 40.1065 39.0843 0.305025 1989 1
4 4 3 1.81338 32.6562 38.9837 0.351241 1626 1
4 4 4 2.00533 35.6239 39.0253 0.342062 1865 1
4 4 5 2.31937 38.604 38.951 0.341086 1924 1
4 4 6 2.63996 39.6919 38.9006 0.33129 2073 1
4 5 1 3.37615 49.7883 39.5689 0.403775 2778 0
4 5 2 3.25547 48.6441 39.4144 0.426812 2682 0
4 5 3 2.86563 46.8098 39.4189 0.459904 2689 0
4 5 4 3.63692 52.2292 39.2661 0.353207 2785 1
4 5 5 3.16426 54.2953 39.2458 0.333691 2701 1
4 6 1 5.6 64 43 0 0 1
4 6 2 5.6 64 43 0 0 1
4 6 3 5.6 64 43 0 0 1
4 6 4 5.9 55 41.4 0 0 1
4 6 5 5.9 55 41.4 0 0 1
4 6 6 5.9 55 41.4 0 0 1
5 1 1 8.97687 131.12 38.9608 0.26655 6129 1
5 1 2 9.25643 107.931 38.9992 0.273626 6037 1
5 2 1 10.1248 123.352 38.7849 0.30959 7028 1
5 2 2 9.61413 103.106 38.8147 0.34332 6658 1
5 3 1 10.9073 140.492 38.9988 0.295333 7568 1
5 3 2 9.85034 116.601 39.12 0.329264 7074 1
5 4 1 10.4013 179.332 38.8446 0.322857 8640 1
5 4 2 13.2595 174.731 38.931 0.327891 9564 1
5 6 1 24.3 111 31.4 0 0 1
5 6 2 27.5 119 31.8 0 0 1
