1	1	1	0.847813	14.1202	23.1867	-3.38845	13.4533	24.3361
1	1	2	0.663508	14.0625	23.2817	-2.23023	13.2986	24.6191
1	1	3	1.44411	14.2621	22.9559	-3.53195	13.4648	24.3153
1	2	1	-1.6136	14.1386	23.1565	-1.56981	13.4203	24.3958
1	2	2	-1.04375	13.9794	23.4203	-3.72517	13.3652	24.4964
1	2	3	-1.57598	14.097	23.2248	-3.83822	13.3983	24.436
1	3	1	0.981689	14.012	23.3657	-2.36971	13.3625	24.5014
1	3	2	1.04711	14.0686	23.2717	-3.55037	13.441	24.3583
1	3	3	1.42564	14.2004	23.0557	-3.53716	13.4623	24.3197
1	4	1	-1.13729	14.0585	23.2884	-3.55502	13.4202	24.3961
1	4	2	-1.80132	14.1015	23.2173	-2.59735	13.3609	24.5043
1	4	3	-1.7327	14.0818	23.2498	-1.55035	13.3572	24.5112
1	5	1	1.11589	14.1999	23.0564	-1.80528	13.3451	24.5333
1	5	2	1.47968	14.0771	23.2576	-3.39331	13.4511	24.3401
1	5	3	1.34671	14.2022	23.0527	-2.086	13.4184	24.3993
1	6	1	0	0	0	0	0	0
1	6	2	0	0	0	0	0	0
1	6	3	0	0	0	0	0	0
2	1	1	1.50984	14.2936	28.2504	0.731424	13.6834	29.5102
2	1	2	0.964549	14.3576	28.1245	0.437215	13.6627	29.5549
2	1	3	2.11301	14.506	27.8368	0.268854	13.733	29.4037
2	1	4	3.18447	14.3423	28.1546	-1.71139	13.7158	29.4405
2	1	5	3.97207	14.3515	28.1365	-1.78829	13.6009	29.6892
2	1	6	3.57274	14.0086	28.8251	-1.88345	13.7473	29.3731
2	1	7	3.90919	14.5342	27.7827	0.96676	13.8636	29.1266
2	2	1	-1.49904	14.3976	28.0463	0.025206	13.5755	29.7447
2	2	2	-1.73477	14.4848	27.8774	0.620642	13.7267	29.4172
2	2	3	-1.29555	14.3612	28.1174	1.00761	13.6698	29.5395
2	2	4	1.40556	14.4402	27.9636	-2.4772	13.7146	29.4431
2	2	5	1.3816	14.3736	28.0932	-1.62095	13.7441	29.3798
2	2	6	2.15141	14.2354	28.3658	-2.16027	13.6519	29.5782
2	2	7	1.89554	14.5689	27.7165	0.225024	13.5882	29.7169
2	3	1	2.18101	14.4918	27.864	0.165572	13.6421	29.5995
2	3	2	0	0	0	0	0	0
2	3	3	1.42223	14.4016	28.0385	1.20936	13.8334	29.1902
2	3	4	3.32238	14.3783	28.084	-1.50623	13.72	29.4316
2	3	5	4.16731	14.3062	28.2256	-1.3478	13.7127	29.4472
2	3	6	4.09068	14.4821	27.8827	-1.97873	13.6957	29.4837
2	3	7	3.77502	14.4419	27.9603	0.77465	13.7236	29.4238
2	4	1	-1.57853	14.5951	27.6669	0.543191	13.7619	29.3419
2	4	2	-1.40977	14.5855	27.685	0.448256	13.814	29.2311
2	4	3	-1.23087	14.5133	27.8228	-0.990443	13.809	29.2418
2	4	4	1.81376	14.4526	27.9395	-1.03135	13.7635	29.3384
2	4	5	1.71327	14.4336	27.9763	-3.48348	13.6498	29.5829
2	4	6	0.67846	14.5444	27.7633	-2.22839	13.791	29.2799
2	4	7	1.75189	14.2339	28.3688	2.2847	13.7471	29.3735
2	5	1	0	0	0	0	0	0
2	5	2	2.24423	14.5358	27.7797	0.593298	13.7458	29.3762
2	5	3	1.66346	14.4588	27.9275	0.899542	13.7918	29.2782
2	5	4	4.86416	14.3902	28.0607	-1.95617	13.7494	29.3685
2	5	5	4.46539	14.4748	27.8968	-2.70771	13.7702	29.3241
2	5	6	4.75092	14.4109	28.0204	-2.70649	13.7595	29.3469
2	5	7	4.33651	14.4649	27.9158	0.692798	13.7802	29.3029
2	6	1	0	0	0	0	0	0
2	6	2	0	0	0	0	0	0
2	6	3	0	0	0	0	0	0
2	6	4	0	0	0	0	0	0
2	6	5	0	0	0	0	0	0
2	6	6	0	0	0	0	0	0
2	6	7	0	0	0	0	0	0
3	1	1	1.05657	11.7858	8.68842	0.252333	11.7779	8.69428
3	1	2	0.924874	11.9064	8.60043	1.24192	10.9176	9.37931
3	1	3	-2.01139	11.9522	8.56748	-3.75022	11.4317	8.95755
3	1	4	-1.58098	12.0305	8.51171	0.502268	11.2185	9.12774
3	1	5	-1.87293	12.1127	8.45396	0.838206	10.8313	9.4541
3	1	6	-1.44477	11.6048	8.8239	1.67859	11.5015	8.90316
3	2	1	0.389936	11.9753	8.55095	-2.10109	10.6467	9.61801
3	2	2	1.70468	12.0494	8.49834	1.35369	11.2868	9.07254
3	2	3	-1.24184	12.1757	8.41022	-7.76178	11.722	8.73574
3	2	4	-0.985775	12.1107	8.45536	-0.594161	11.2668	9.08868
3	2	5	-1.07414	11.3251	9.04187	1.35562	11.169	9.16825
3	2	6	-1.39656	11.771	8.69938	0.0334598	11.5285	8.88236
3	3	1	0.77135	11.8757	8.62264	-0.656709	11.1944	9.14746
3	3	2	1.25351	11.7227	8.73521	0.123842	11.4458	8.94652
3	3	3	-1.01058	12.3586	8.28571	2.38769	11.1515	9.18259
3	3	4	-2.34307	11.8621	8.63253	-1.91199	10.7621	9.51483
3	3	5	-1.22632	12.0242	8.51619	-0.128167	11.6139	8.81699
3	3	6	0	0	0	0	0	0
3	4	1	0	0	0	0	0	0
3	4	2	0.950488	12.2854	8.33511	-1.55336	11.5303	8.88095
3	4	3	-1.82857	11.79	8.68529	-1.25681	10.9449	9.35593
3	4	4	-1.42542	11.8021	8.67642	3.35441	11.3506	9.02158
3	4	5	-1.00352	12.2404	8.36574	0.636243	11.3209	9.0452
3	4	6	-1.02308	11.8882	8.61358	0.357176	11.5813	8.84186
3	5	1	1.31387	12.1204	8.44858	-0.332342	11.7286	8.73081
3	5	2	0.883993	12.3292	8.30549	-1.07079	11.3668	9.0087
3	5	3	-1.80473	12.0048	8.52994	-3.23217	11.3906	8.98987
3	5	4	-1.30326	12.368	8.27943	1.75897	10.623	9.63948
3	5	5	-1.47429	12.1516	8.42687	0.680834	11.4274	8.96096
3	6	1	0	0	0	0	0	0
3	6	2	0	0	0	0	0	0
3	6	3	0	0	0	0	0	0
3	6	4	0	0	0	0	0	0
3	6	5	0	0	0	0	0	0
3	6	6	0	0	0	0	0	0
4	1	1	1.91836	11.6232	8.81	7.74464	11.2525	9.10017
4	1	2	1.17346	12.111	8.45509	-0.0682574	11.6658	8.7778
4	1	3	1.51158	11.8388	8.64955	-2.48731	11.122	9.20701
4	1	4	1.63881	12.3055	8.32152	-1.74868	10.1666	10.0722
4	1	5	0.889741	12.112	8.45442	-0.843874	11.0733	9.24744
4	1	6	1.57286	11.9298	8.58352	1.1284	11.1038	9.22206
4	2	1	2.31284	11.8814	8.61851	0.884977	10.9587	9.34413
4	2	2	1.20586	11.8994	8.60545	-1.84462	10.8868	9.40589
4	2	3	1.31233	11.9644	8.55873	0.0597928	11.6847	8.76356
4	2	4	2.94904	12.4086	8.25237	1.22092	11.0591	9.25935
4	2	5	0	0	0	0	0	0
4	2	6	1.45445	11.7611	8.70667	0.799463	11.2068	9.13731
4	3	1	1.77608	11.8506	8.64095	1.75537	10.8989	9.39541
4	3	2	0	0	0	0	0	0
4	3	3	1.38398	11.9999	8.53338	1.86156	10.8399	9.44657
4	3	4	1.77979	11.9349	8.57989	1.46399	10.7466	9.52858
4	3	5	1.86182	11.5378	8.87521	0.445515	11.4084	8.97587
4	3	6	1.95692	11.6156	8.8157	3.63451	11.4668	8.93014
4	4	1	1.47895	11.9492	8.56963	-1.51009	10.7824	9.49697
4	4	2	0.827567	11.9179	8.59211	-0.102681	11.374	9.00302
4	4	3	1.34312	12.1421	8.43347	-1.20146	10.8841	9.40825
4	4	4	1.90555	12.0399	8.50505	-2.88983	10.8015	9.48016
4	4	5	1.2128	12.1446	8.43172	1.66776	10.8722	9.41852
4	4	6	0.830573	11.931	8.58271	-1.84645	10.3717	9.87299
4	5	1	1.90646	12.0708	8.48327	0.0652019	11.4767	8.9224
4	5	2	1.49184	12.2763	8.3413	-1.45266	11.038	9.27704
4	5	3	1.89576	12.2161	8.38239	-0.443006	11.4879	8.91374
4	5	4	1.4496	12.5196	8.17916	-2.11308	10.6857	9.5829
4	5	5	1.20812	12.3507	8.29105	0.151912	11.5002	8.90419
4	6	1	0	0	0	0	0	0
4	6	2	0	0	0	0	0	0
4	6	3	0	0	0	0	0	0
4	6	4	0	0	0	0	0	0
4	6	5	0	0	0	0	0	0
4	6	6	0	0	0	0	0	0
5	1	1	1.06945	14.3461	28.1471	-0.0143625	13.5823	29.7298
5	1	2	0.757186	14.3057	28.2266	3.72043	13.6738	29.5309
5	2	1	-1.49653	14.4174	28.0078	0.465514	13.7829	29.2971
5	2	2	-1.68173	14.3656	28.1089	2.84187	13.7641	29.3371
5	3	1	1.06101	14.548	27.7564	0.306995	13.7475	29.3725
5	3	2	0.621875	14.3823	28.0762	2.93712	13.7706	29.3233
5	4	1	-0.568008	14.4301	27.9832	0.0280454	13.6179	29.6522
5	4	2	-1.57802	14.6146	27.6298	2.22795	13.8863	29.0791
5	6	1	0	0	0	0	0	0
5	6	2	0	0	0	0	0	0
