1	1	1	3925.98	1.5559	0.27267	3176.71	-0.243254	0.327228
1	1	2	4654.15	1.68783	0.278642	3708.53	-0.399691	0.33836
1	1	3	5434.27	1.27135	0.264487	4369.33	0.342965	0.315156
1	2	1	3879.78	1.7418	0.281758	3201.04	0.0854752	0.333628
1	2	2	4448.01	1.42993	0.271498	3635.29	0.836621	0.33024
1	2	3	4933.68	1.83747	0.295842	4193.58	1.92745	0.33188
1	3	1	3951.9	1.18981	0.270323	3302.55	1.01673	0.328262
1	3	2	4346.04	1.22851	0.273398	3653.46	1.47883	0.335052
1	3	3	5008.48	1.34622	0.286759	4271.69	2.14966	0.317227
1	4	1	4175.12	1.34528	0.2886	3390.65	2.06436	0.353622
1	4	2	4760.51	1.74839	0.287659	3933.19	1.8589	0.336242
1	4	3	5305.09	1.63146	0.280053	4454.74	1.36969	0.333587
1	5	1	3970.04	1.0753	0.267307	3276.5	2.0374	0.314819
1	5	2	4705.32	0.560673	0.252014	3724.78	3.57655	0.326843
1	5	3	5663.31	0.856425	0.252908	4431.65	2.25763	0.316613
1	6	1	24	0.0641388	3.39189	31	-5.11733	3.71119
1	6	2	30	-0.163687	3.28074	33	-2.10268	3.64178
1	6	3	32	-0.179401	2.96921	41	-4.85789	3.25921
2	1	1	6784.63	1.09556	0.276205	5711.11	-1.1789	0.324184
2	1	2	7512.68	1.60099	0.286852	6207.02	-0.836181	0.318241
2	1	3	9508.39	1.12125	0.257133	7659.17	-0.0339828	0.302306
2	1	4	22480.2	0.233825	0.131812	15546.9	0.225564	0.195964
2	1	5	30562.7	-0.0433904	0.129845	21268.1	-0.320967	0.193584
2	1	6	38939.3	0.151113	0.131007	22370.4	1.18667	0.227793
2	1	7	0	0	0	0	0	0
2	2	1	6303.84	1.8622	0.297348	5190.32	-0.28406	0.334668
2	2	2	7760.16	2.07491	0.269914	6122.11	-0.824599	0.331266
2	2	3	8703.89	1.93305	0.277803	7257.97	-0.374913	0.333031
2	2	4	23098.5	0.257878	0.141302	15285.3	1.24773	0.212984
2	2	5	28827.2	0.104014	0.1413	19686.5	0.199335	0.198546
2	2	6	40784.3	0.0980032	0.134207	24999.7	1.77399	0.215357
2	2	7	0	0	0	0	0	0
2	3	1	6336.35	1.27363	0.273671	5104.24	-0.24252	0.308357
2	3	2	0	0	0	0	0	0
2	3	3	8871.8	1.51328	0.260764	7424.36	0.0231405	0.329125
2	3	4	23327.2	0.021005	0.139003	15291.8	1.40737	0.217226
2	3	5	33932.9	-0.225066	0.134874	22727.5	0.205703	0.208382
2	3	6	44411.5	-0.030155	0.128446	24183.1	2.05742	0.228505
2	3	7	0	0	0	0	0	0
2	4	1	6994.12	1.80183	0.272012	5883.5	0.333543	0.2921
2	4	2	7746.81	1.55987	0.26513	6613.8	1.38792	0.314758
2	4	3	10245.9	1.47662	0.280734	8100.69	2.2976	0.341405
2	4	4	22969.5	-0.151842	0.142645	15417.1	1.51182	0.211363
2	4	5	34541.1	-0.188166	0.13524	21818	3.31743	0.227511
2	4	6	45761.3	0.902271	0.134038	25339.8	3.06707	0.239403
2	4	7	0	0	0	0	0	0
2	5	1	0	0	0	0	0	0
2	5	2	7778.68	0.613088	0.25957	6547.46	2.29918	0.307346
2	5	3	9595.52	0.790954	0.244469	7466.38	2.95895	0.315736
2	5	4	20201.8	-0.72555	0.139175	14766.2	3.83684	0.196655
2	5	5	30028.1	-0.525937	0.12967	19580.8	3.39238	0.21028
2	5	6	41456.3	-0.30189	0.124283	36020.6	4.03321	0.146331
2	5	7	0	0	0	0	0	0
2	6	1	45	-0.049143	2.74636	61	-2.08643	3.04596
2	6	2	65	-0.286351	2.40349	78	-2.32365	2.64505
2	6	3	91	-0.492456	2.09901	110	-1.01306	2.27761
2	6	4	154	0.213636	1.89559	175	-0.996963	2.03345
2	6	5	362.927	-0.123576	0.652819	417.636	-1.61437	0.722883
2	6	6	3807.01	0.180307	0.307078	3745.24	-2.4182	0.400858
2	6	7	0	0	0	0	0	0
3	1	1	10325.7	6.38478	0.16083	5912.87	18.7633	0.258636
3	1	2	7318.72	6.37311	0.159173	4069.45	16.5815	0.299488
3	1	3	3966.06	7.91543	0.200186	2601.87	17.8472	0.315704
3	1	4	2940.1	7.60008	0.208876	1869.61	15.1479	0.351674
3	1	5	2247.38	8.00246	0.201629	1337.42	5.90813	0.361088
3	1	6	1925.44	7.63646	0.20986	1137.97	17.0023	0.363681
3	2	1	7733.66	5.88483	0.183336	4298.92	10.8854	0.303171
3	2	2	5878.61	5.05199	0.191423	3905.43	16.5865	0.301496
3	2	3	3250.8	6.62755	0.226439	2187.55	16.2134	0.359822
3	2	4	2412.54	6.3694	0.224545	1599.62	8.47833	0.353884
3	2	5	2043.37	6.60283	0.219835	1318.78	13.0706	0.344899
3	2	6	1549.01	6.81566	0.231627	972.346	16.0926	0.404905
3	3	1	8465.14	6.5019	0.171373	4696.41	15.3954	0.292672
3	3	2	6485.82	6.23294	0.16771	3928.8	15.4833	0.303224
3	3	3	3685.22	7.35527	0.21581	2231.63	11.0962	0.384075
3	3	4	2777.83	8.36618	0.221738	1804.15	13.5327	0.329014
3	3	5	2099.41	7.38738	0.207116	1336.94	7.79848	0.3366
3	3	6	0	0	0	0	0	0
3	4	1	0	0	0	0	0	0
3	4	2	5904.73	5.39773	0.186939	3650.18	15.4292	0.309651
3	4	3	3897.72	6.77072	0.215278	2592.7	12.21	0.329791
3	4	4	3095.59	6.51246	0.203386	1828.54	7.6796	0.35447
3	4	5	2444.73	6.59006	0.198485	1358.84	6.66838	0.380483
3	4	6	1853.25	6.23896	0.212631	1102.4	8.88615	0.347308
3	5	1	9229.15	5.98162	0.143896	5155.84	-1.36734	0.236775
3	5	2	6793.63	6.39736	0.145263	3796.11	-0.697947	0.253278
3	5	3	3654.82	7.67157	0.192363	2512.38	1.22317	0.273982
3	5	4	2654.11	7.24167	0.196722	1737.87	-2.39329	0.307014
3	5	5	2003.91	7.52528	0.196777	1249.84	-3.18244	0.308795
3	6	1	1240.63	7.07919	0.282054	923.206	-3.64051	0.474662
3	6	2	145.621	7.67396	0.560808	146.293	-3.64812	0.725632
3	6	3	47.5773	6.81336	0.929885	75	-6.64721	1.90189
3	6	4	33	7.39236	2.0344	34	-7.45064	2.23545
3	6	5	23	7.10772	2.27504	27	-3.4416	2.4825
3	6	6	0	0	0	0	0	0
4	1	1	9246	5.24228	0.182816	6665.81	10.2265	0.267725
4	1	2	6548.41	5.74732	0.191598	4205.64	16.7786	0.338334
4	1	3	4264.18	6.05355	0.208955	3120.28	18.9638	0.297263
4	1	4	2907.61	5.82726	0.209017	1914.2	7.52439	0.352813
4	1	5	2117.86	6.34181	0.231049	1429.14	7.48419	0.372084
4	1	6	0	0	0	0	0	0
4	2	1	8046.59	4.1806	0.189921	5445.87	7.57209	0.276339
4	2	2	5829.07	4.97223	0.206476	4103.11	15.2934	0.293524
4	2	3	3962.68	5.10516	0.215721	2670.47	7.20846	0.343158
4	2	4	2766.19	4.76847	0.239337	2134.21	15.0612	0.32369
4	2	5	0	0	0	0	0	0
4	2	6	1680.25	5.12239	0.23895	1248.85	14.2647	0.334098
4	3	1	9148.46	5.41593	0.173207	5154.07	12.4308	0.322338
4	3	2	0	0	0	0	0	0
4	3	3	4068.15	5.82739	0.215522	3077.23	10.4503	0.30558
4	3	4	2852.97	5.84261	0.221753	2160.67	10.604	0.310056
4	3	5	2136.96	5.62601	0.239589	1507.77	15.8098	0.353731
4	3	6	1734.61	5.73494	0.229466	1222.08	9.94158	0.359543
4	4	1	10670.9	4.58501	0.187361	7231.91	14.9794	0.265191
4	4	2	6395.36	4.73684	0.209522	4698.6	13.5079	0.303309
4	4	3	4256.44	4.88629	0.211917	2852.27	12.9892	0.358571
4	4	4	2990.77	4.60073	0.222404	2219.91	13.2201	0.336241
4	4	5	2246.57	4.94451	0.234313	1643.27	13.4187	0.376426
4	4	6	1793.16	5.1479	0.223102	1417.57	9.38037	0.319009
4	5	1	9208.02	5.35863	0.170929	6258.35	-2.49826	0.245238
4	5	2	5952.49	5.75511	0.183352	4794.59	-1.66818	0.244348
4	5	3	3696.74	5.31035	0.197261	2526.13	-0.683861	0.304036
4	5	4	2436.43	5.86182	0.20977	1732.68	0.0811637	0.324246
4	5	5	1770.94	5.7057	0.220763	1300.88	-1.05673	0.311356
4	6	1	169	-3.07462	2.00302	231	-14.4568	1.80185
4	6	2	48	-1.73722	2.21818	60	-14.9648	2.10952
4	6	3	24	-2.38221	2.79264	36	-12.8399	2.76604
4	6	4	18	-0.758582	3.23857	21	-12.927	3.29078
4	6	5	15	-0.0658796	3.09335	17	-11.0756	3.16057
4	6	6	12	0.321289	3.29901	13	-12.699	3.39583
5	1	1	5347.24	1.4031	0.221662	4000.33	0.342354	0.332368
5	1	2	4635.82	1.46921	0.216468	3555.24	-0.740313	0.293447
5	2	1	5614.85	2.03403	0.221755	4256.01	0.299703	0.302752
5	2	2	4920.69	1.94574	0.218621	3911.21	-0.80154	0.271064
5	3	1	5643.81	1.38726	0.225203	4303.38	0.420832	0.325562
5	3	2	5038.43	1.62719	0.21473	4045.9	-0.907177	0.266442
5	4	1	6523.04	1.11286	0.219808	5131.53	1.22692	0.301533
5	4	2	5010.21	1.67248	0.228713	4041.05	1.13653	0.300665
5	6	1	35	-0.115379	2.86463	35	0.456205	3.1233
5	6	2	29	-0.290625	3.08523	31	-0.589341	3.3803
