1	1	1	148.482	20.4408	0.176548	0	0	0	1369.76	-15.3852	-14793.6	4004.16	-40.0011	0	0.00560529	-4.0982e-05	0	0	0	0	0.039417	275.431	384.481	-1090930.0	1.5	0	
1	1	2	148.297	22.3135	0.212745	0	0	0	1067.28	-12.1724	-14734.6	3993.79	-39.7227	0	0.0197272	-4.27588e-05	0	0	0	0	0.00763585	301.557	399.849	-803918.0	1.5	0	
1	1	3	149.049	23.2614	0.238198	0	0	0	1225.27	-13.9083	-14785.3	4001.74	-39.9755	0	0.0203267	-4.73006e-05	0	0	0	0	0.0116557	436.179	252.584	-630022.0	1.5	0	
1	2	1	141.455	22.263	0.0867873	0	0	0	617.722	-7.57166	-14743.2	3989.53	-39.6031	0	0.0247308	-2.60426e-05	0	0	0	0	0.0110495	826.013	328.928	-524371.0	1.5	0	
1	2	2	146.819	19.2767	0.138632	0	0	0	87.7974	-2.44283	-15022.9	3952.78	-37.826	0	0.00527815	8.80411e-06	0	0	0	0	0.0185958	1230.49	442.331	-571945.0	1.5	0	
1	2	3	145.568	19.561	0.125304	0	0	0	127.026	-3.28187	-10833.7	2799.4	-45.161	0	0.0110468	-5.11773e-06	0	0	0	0	0.0230205	1006.71	561.848	-775019.0	1.5	0	
1	3	1	149.706	19.4131	0.174528	0	0	0	1074.48	-12.6713	-14798.4	4001.13	-39.954	0	0.0213811	-3.27724e-05	0	0	0	0	0.0165398	812.467	407.602	-673570.0	1.5	0	
1	3	2	150.109	19.2767	0.179637	0	0	0	591.525	-6.83624	-14738.9	3992.8	-39.7441	0	0.0101171	-1.71393e-05	0	0	0	0	-0.00846959	1137.43	248.841	-573212.0	1.5	0	
1	3	3	150.437	20.4456	0.215391	0	0	0	468.321	-5.33233	-14688.9	3987.03	-39.5031	0	0.011872	-1.92951e-05	0	0	0	0	0.00933544	1535.7	195.516	-658989.0	1.5	0	
1	4	1	144.643	20.5509	0.106181	0	0	0	455.717	-5.70985	-14823.0	3997.62	-40.1007	0	0.0101563	-1.50694e-05	0	0	0	0	-0.0104084	391.43	367.331	-598931.0	1.5	0	
1	4	2	145.002	20.8469	0.1366	0	0	0	534.797	-6.50967	-14860.6	4003.6	-40.4052	0	0.00636189	-1.67864e-05	0	0	0	0	0.00838654	1881.46	379.797	-647670.0	1.5	0	
1	4	3	143.886	20.112	0.126514	0	0	0	108.712	-6.12508	-6880.81	1742.78	-44.1386	0	0.0156476	-8.71341e-06	0	0	0	0	0.0175223	930.79	406.652	-1045030.0	1.5	0	
1	5	1	148.747	19.2072	0.17005	0	0	0	1519.86	-17.7936	-14786.2	4003.35	-39.7537	0	0.0436639	-6.19275e-05	0	0	0	0	0.020702	738.954	306.135	-908047.0	1.5	0	
1	5	2	151.995	24.0041	0.266749	0	0	0	571.766	-6.66971	-14757.1	3994.75	-39.8376	0	0.0097208	-2.03893e-05	0	0	0	0	0.018305	1798.84	226.826	-789690.0	1.5	0	
1	5	3	148.858	22.0161	0.211668	0	0	0	1304.85	-15.1389	-14770.4	3999.1	-39.8498	0	0.032724	-4.81126e-05	0	0	0	0	0.0178423	562.136	349.845	-739078.0	1.5	0	
1	6	1	0.0	0.0	0.0	0	0	0	0.0	0.0	0.0	0.0	0.0	0	0.0	0.0	0	0	0	0	0.0	0.0	0.0	0.0	0.0	0	
1	6	2	0.0	0.0	0.0	0	0	0	0.0	0.0	0.0	0.0	0.0	0	0.0	0.0	0	0	0	0	0.0	0.0	0.0	0.0	0.0	0	
1	6	3	0.0	0.0	0.0	0	0	0	0.0	0.0	0.0	0.0	0.0	0	0.0	0.0	0	0	0	0	0.0	0.0	0.0	0.0	0.0	0	
2	1	1	150.39	22.0658	0.201976	0	0	0	573.273	-6.88277	-14753.8	3993.24	-39.76	0	0.0096974	-1.52036e-05	0	0	0	0	0.00748335	789.251	684.785	-456607.0	1.5	0	
2	1	2	146.869	19.6637	0.128071	0	0	0	434.585	-4.9426	-14709.7	3989.52	-39.6268	0	0.0121875	-2.0176e-05	0	0	0	0	-27.6898	-43553500.0	13864000.0	-300.0	1.5	0	
2	1	3	151.12	25.8201	0.261344	0	0	0	36.4586	-4.28007	-4742.51	1229.0	-22.3321	0	0.0138603	-4.01287e-06	0	0	0	0	0.0188396	1051.83	359.445	-330497.0	1.5	0	
2	1	4	149.49	20.2154	0.182794	0	0	0	750.36	-8.91314	-14806.5	3999.73	-40.0722	0	0.0298842	-3.31356e-05	0	0	0	0	0.0166409	1185.31	424.08	-807479.0	1.5	0	
2	1	5	147.788	20.8572	0.174958	0	0	0	1268.89	-14.7951	-14785.5	4000.99	-39.8751	0	0.0185392	-3.95284e-05	0	0	0	0	0.0132236	341.482	425.453	-527881.0	1.5	0	
2	1	6	148.576	21.8637	0.202336	0	0	0	914.615	-10.6303	-14780.1	3998.73	-39.9511	0	0.0192522	-3.11421e-05	0	0	0	0	0.0185574	2006.37	231.209	-519000.0	1.5	0	
2	1	7	151.76	23.5497	0.241144	0	0	0	571.58	-6.86354	-14779.8	3996.08	-39.92	0	0.023435	-3.14619e-05	0	0	0	0	0.0122553	718.769	478.741	-653036.0	1.5	0	
2	2	1	145.113	21.343	0.115067	0	0	0	1022.79	-11.9768	-14856.0	4008.86	-40.2891	0	0.00268455	-2.90523e-05	0	0	0	0	0.01899	71.3435	363.244	-481426.0	1.5	0	
2	2	2	145.249	21.8428	0.141307	0	0	0	1122.14	-12.8771	-14759.4	3997.13	-39.817	0	0.0258239	-4.86554e-05	0	0	0	0	0.0237107	474.031	289.955	-516262.0	1.5	0	
2	2	3	144.544	20.1664	0.120666	0	0	0	27.2278	-3845.86	-86909.3	51992.6	69707.4	0	0.00804501	1.01829e-05	0	0	0	0	0.0225246	1088.27	526.767	-348298.0	1.5	0	
2	2	4	149.192	20.8344	0.176278	0	0	0	1002.49	-11.6381	-14768.1	3997.45	-39.8673	0	0.0282112	-3.97931e-05	0	0	0	0	-1.63401	1050.62	-745355.0	-617150.0	1.5	0	
2	2	5	146.654	18.8443	0.142961	0	0	0	346.549	-4.07681	-14832.5	4000.18	-40.3958	0	0.0147002	-1.73037e-05	0	0	0	0	0.0086715	892.992	557.267	-524029.0	1.5	0	
2	2	6	146.804	19.7597	0.152886	0	0	0	1527.72	-17.6075	-14785.7	4005.03	-39.7352	0	0.0232044	-5.3951e-05	0	0	0	0	0.0122607	-688.247	558.312	-860610.0	1.5	0	
2	2	7	150.252	20.9275	0.209862	0	0	0	632.603	-7.42206	-14756.2	3994.33	-39.817	0	0.0217657	-2.69876e-05	0	0	0	0	0.00728268	1007.67	396.445	-505364.0	1.5	0	
2	3	1	151.925	25.7994	0.258439	0	0	0	350.221	-4.11698	-14730.4	3990.65	-39.6711	0	0.0101031	-1.74662e-05	0	0	0	0	0.00879537	794.607	225.485	-451292.0	1.5	0	
2	3	2	153.855	40.8872	0.390296	0	0	0	1658.79	-18.6362	-14775.1	4002.11	-39.9065	0	0.042284	-7.49437e-05	0	0	0	0	0.0167206	591.416	468.994	-933031.0	1.5	0	
2	3	3	150.388	23.1826	0.238719	0	0	0	494.406	-5.80669	-14806.7	4000.11	-40.1575	0	0.0260245	-2.91208e-05	0	0	0	0	0.0142317	806.282	461.514	-584528.0	1.5	0	
2	3	4	149.491	18.6306	0.151746	0	0	0	473.17	-5.78441	-14730.1	3987.76	-39.5453	0	0.00994606	-1.46458e-05	0	0	0	0	0.0115526	781.979	290.758	-463965.0	1.5	0	
2	3	5	149.971	22.7291	0.228968	0	0	0	208.329	-2.75672	-14807.7	3992.12	-39.8849	0	0.0167615	-1.43583e-05	0	0	0	0	0.0172316	889.442	638.371	-600879.0	1.5	0	
2	3	6	149.96	22.6022	0.225254	0	0	0	835.097	-9.83372	-14704.1	3987.35	-39.4938	0	0.0253026	-3.35691e-05	0	0	0	0	0.0114777	1206.44	605.053	-568641.0	1.5	0	
2	3	7	147.543	19.9183	0.129741	0	0	0	455.42	-5.67027	-14775.7	3992.97	-39.8041	0	0.0115582	-7.49062e-06	0	0	0	0	0.0109447	1124.63	582.594	-574681.0	1.5	0	
2	4	1	147.028	20.9676	0.156448	0	0	0	266.824	-4.02591	-14750.0	3975.48	-39.0289	0	0.0261013	-1.0025e-05	0	0	0	0	0.031864	4495.96	485.992	-350172.0	1.5	0	
2	4	2	150.578	25.6022	0.26483	0	0	0	73.7731	-1.01866	-14790.8	3990.27	-39.7451	0	0.019154	-1.88977e-05	0	0	0	0	0.023566	837.557	413.839	-464933.0	1.5	0	
2	4	3	151.307	25.258	0.273671	0	0	0	582.075	-5.55138	-15860.4	4429.16	-35.5805	0	0.0421468	-3.35956e-05	0	0	0	0	0.0286261	944.748	570.412	-847317.0	1.5	0	
2	4	4	149.88	21.1302	0.217694	0	0	0	186.009	-2.24887	-14712.6	3985.8	-39.485	0	0.00647206	-6.95909e-06	0	0	0	0	0.0149895	1628.47	387.051	-638395.0	1.5	0	
2	4	5	149.296	19.1886	0.172494	0	0	0	1319.45	-15.374	-14820.0	4009.29	-39.912	0	0.0275848	-4.73409e-05	0	0	0	0	-0.0181392	-525.51	340.608	-682314.0	1.5	0	
2	4	6	141.138	23.7318	0.10002	0	0	0	123.213	-2.53102	-14945.1	3976.06	-39.1109	0	0.00871989	3.78543e-06	0	0	0	0	0.0174179	1141.75	406.217	-625936.0	1.5	0	
2	4	7	147.975	19.3864	0.176077	0	0	0	1648.29	-18.7506	-14749.2	3998.42	-39.7099	0	0.0203242	-5.45755e-05	0	0	0	0	0.0209908	146.98	393.395	-579273.0	1.5	0	
2	5	1	153.359	42.6228	0.406983	0	0	0	725.166	-8.16248	-14787.5	4000.7	-40.0895	0	0.0334793	-5.89639e-05	0	0	0	0	0.0105393	567.859	308.392	-586376.0	1.5	0	
2	5	2	153.001	27.7683	0.297394	0	0	0	673.477	-7.84356	-14740.0	3993.06	-39.7397	0	0.0306479	-3.4377e-05	0	0	0	0	0.0233965	886.841	603.356	-531330.0	1.5	0	
2	5	3	153.098	30.7261	0.315843	0	0	0	828.432	-9.87486	-14754.0	3994.1	-39.7605	0	0.0395594	-3.89841e-05	0	0	0	0	0.0343537	932.411	497.554	-478724.0	1.5	0	
2	5	4	152.694	22.6864	0.236807	0	0	0	189.228	-6.68265	-8888.71	2290.56	-44.055	0	0.0119878	-1.69611e-06	0	0	0	0	0.0136257	1023.27	500.578	-681383.0	1.5	0	
2	5	5	151.741	27.9704	0.292613	0	0	0	1600.78	-17.6241	-14776.8	4002.74	-39.9509	0	0.00983498	-5.71325e-05	0	0	0	0	0.0341581	2027.84	287.804	-635101.0	1.5	0	
2	5	6	150.408	26.4142	0.253453	0	0	0	1520.59	-17.3309	-14764.3	3999.35	-39.8409	0	0.039189	-6.58222e-05	0	0	0	0	0.0143948	553.682	303.834	-643776.0	1.5	0	
2	5	7	148.82	24.1475	0.237967	0	0	0	884.405	-10.5955	-14799.5	3999.79	-39.9996	0	0.0363876	-4.33608e-05	0	0	0	0	0.0202243	829.532	511.264	-543768.0	1.5	0	
2	6	1	0.0	0.0	0.0	0	0	0	0.0	0.0	0.0	0.0	0.0	0	0.0	0.0	0	0	0	0	0.0	0.0	0.0	0.0	0.0	0	
2	6	2	0.0	0.0	0.0	0	0	0	0.0	0.0	0.0	0.0	0.0	0	0.0	0.0	0	0	0	0	0.0	0.0	0.0	0.0	0.0	0	
2	6	3	0.0	0.0	0.0	0	0	0	0.0	0.0	0.0	0.0	0.0	0	0.0	0.0	0	0	0	0	0.0	0.0	0.0	0.0	0.0	0	
2	6	4	0.0	0.0	0.0	0	0	0	0.0	0.0	0.0	0.0	0.0	0	0.0	0.0	0	0	0	0	0.0	0.0	0.0	0.0	0.0	0	
2	6	5	0.0	0.0	0.0	0	0	0	0.0	0.0	0.0	0.0	0.0	0	0.0	0.0	0	0	0	0	0.0	0.0	0.0	0.0	0.0	0	
2	6	6	0.0	0.0	0.0	0	0	0	0.0	0.0	0.0	0.0	0.0	0	0.0	0.0	0	0	0	0	0.0	0.0	0.0	0.0	0.0	0	
2	6	7	0.0	0.0	0.0	0	0	0	0.0	0.0	0.0	0.0	0.0	0	0.0	0.0	0	0	0	0	0.0	0.0	0.0	0.0	0.0	0	
3	1	1	153.676	22.3157	0.0776293	0	0	0	446.661	-6.28912	-14864.7	3995.41	-40.045	0	0.0376515	-1.92155e-05	0	0	0	0	0.0381368	1070.36	553.597	-748482.0	1.5	0	
3	1	2	157.844	18.6046	0.163753	0	0	0	653.586	-7.78857	-14804.2	3999.15	-40.0671	0	0.0227745	-2.41243e-05	0	0	0	0	0.0198362	1465.32	485.003	-807462.0	1.5	0	
3	1	3	159.245	22.9395	0.226649	0	0	0	896.648	-10.2269	-14739.2	3994.6	-39.7809	0	0.0298214	-4.37405e-05	0	0	0	0	-0.0116675	1170.07	213.31	-790041.0	1.5	0	
3	1	4	159.78	18.9961	0.16465	0	0	0	1060.87	-14.8256	-13907.2	3676.79	-43.4568	0	0.0286233	-4.41071e-05	0	0	0	0	-0.0130705	1536.51	283.083	-1013690.0	1.5	0	
3	1	5	151.744	17.9416	0.215112	0	0	0	642.115	-7.55809	-14829.3	4002.3	-40.2678	0	0.00588545	-1.77382e-05	0	0	0	0	0.00913127	290.303	204.789	-635493.0	1.5	0	
3	1	6	162.216	29.0889	0.321083	0	0	0	593.46	-6.96422	-14760.1	3995.34	-39.8495	0	0.0320574	-4.09227e-05	0	0	0	0	0.0261024	826.206	476.086	-597500.0	1.5	0	
3	2	1	154.766	19.0028	0.230664	0	0	0	215.297	-3.04492	-14813.8	3993.84	-39.8566	0	0.00706128	1.57484e-06	0	0	0	0	0.01209	1047.31	629.404	-510931.0	1.5	0	
3	2	2	157.852	19.6723	0.159578	0	0	0	367.006	-4.38275	-14826.2	4000.12	-40.32	0	0.0104649	-1.06183e-05	0	0	0	0	0.0163028	1404.73	503.602	-1119940.0	1.5	0	
3	2	3	158.482	22.7561	0.243368	0	0	0	445.715	-5.48948	-14787.1	3996.34	-39.9431	0	0.0350436	-2.26269e-05	0	0	0	0	0.0326322	1066.18	573.13	-390846.0	1.5	0	
3	2	4	156.446	18.6411	0.258385	0	0	0	132.651	-1.79043	-14764.9	3986.93	-39.5859	0	0.0213322	-1.56098e-05	0	0	0	0	0.0377955	986.231	750.246	-810480.0	1.5	0	
3	2	5	155.576	18.521	0.137396	0	0	0	1049.74	-12.1395	-14713.7	3990.15	-39.5912	0	0.0339027	-4.34123e-05	0	0	0	0	0.0179806	1081.92	626.576	-1025760.0	1.5	0	
3	2	6	159.382	23.8656	0.228425	0	0	0	386.517	-4.79612	-14736.0	3989.47	-39.6139	0	0.0350768	-2.3265e-05	0	0	0	0	0.0405448	1198.46	713.013	-814745.0	1.5	0	
3	3	1	156.268	17.7903	0.144478	0	0	0	491.987	-6.18708	-14767.7	3992.78	-39.7572	0	0.0409619	-2.1545e-05	0	0	0	0	0.0338737	1312.54	536.135	-663429.0	1.5	0	
3	3	2	156.148	18.8165	0.147256	0	0	0	652.529	-11.1651	-12885.5	3369.51	-44.8445	0	0.0319487	-1.95705e-05	0	0	0	0	0.0377971	1118.68	611.882	-1001920.0	1.5	0	
3	3	3	154.372	18.5811	0.238113	0	0	0	173.449	-2.57158	-14950.3	4001.56	-40.4046	0	0.0378519	-1.86965e-05	0	0	0	0	0.0360209	1402.14	560.277	-983199.0	1.5	0	
3	3	4	156.994	19.7326	0.17496	0	0	0	18.3651	-6.55829	-7231.11	1619.62	74.2895	0	0.0184396	-6.41695e-06	0	0	0	0	0.0291218	1248.14	625.548	-825226.0	1.5	0	
3	3	5	154.519	17.0523	0.223201	0	0	0	586.961	-6.79772	-14745.8	3993.72	-39.7888	0	0.0141857	-1.71828e-05	0	0	0	0	0.0135938	1635.81	462.795	-919313.0	1.5	0	
3	3	6	158.273	21.4465	0.23641	0	0	0	253.321	-3.06348	-14768.3	3993.71	-39.8527	0	0.0197682	-1.97195e-05	0	0	0	0	0.0230327	799.595	573.267	-880140.0	1.5	0	
3	4	1	154.02	17.0358	0.205304	0	0	0	1.05027e-09	-0.00684455	-14680.4	4019.59	-41.7399	0	-0.0015395	5.28181e-06	0	0	0	0	0.011103	928.588	524.913	-280480.0	1.5	0	
3	4	2	157.456	22.8352	0.260185	0	0	0	975.132	-11.4787	-14734.6	3992.12	-39.6545	0	0.0476404	-4.35341e-05	0	0	0	0	0.0013032	-4542.67	3249.96	-300.0	1.5	0	
3	4	3	153.746	18.0157	0.213692	0	0	0	717.92	-8.32199	-14915.6	4032.56	-40.0244	0	0.0331984	-3.40562e-05	0	0	0	0	0.0101281	876.791	287.61	-688954.0	1.5	0	
3	4	4	154.261	18.205	0.259457	0	0	0	464.935	-5.4955	-14762.2	3994.93	-39.8555	0	0.0118233	-1.70657e-05	0	0	0	0	0.010165	1729.32	433.132	-882358.0	1.5	0	
3	4	5	151.403	17.7988	0.222516	0	0	0	807.235	-9.1982	-14739.6	3994.22	-39.7747	0	0.00840606	-2.05221e-05	0	0	0	0	0.00838582	2082.44	293.32	-661613.0	1.5	0	
3	4	6	152.041	17.5072	0.185801	0	0	0	913.224	-10.5865	-14836.6	4005.89	-40.2828	0	0.00761013	-2.03748e-05	0	0	0	0	0.0179288	335.979	335.438	-811110.0	1.5	0	
3	5	1	139.325	19.7727	0.187847	0	0	0	249.719	-2.96239	-14772.5	3994.83	-39.9151	0	0.0284883	-1.93087e-05	0	0	0	0	0.0247573	1031.73	589.148	-512978.0	1.5	0	
3	5	2	138.169	18.2357	0.155071	0	0	0	430.105	-5.06207	-14747.1	3992.46	-39.7598	0	0.0237482	-2.77171e-05	0	0	0	0	-0.0123246	2893.76	523.959	-726794.0	1.5	0	
3	5	3	139.49	20.2335	0.159669	0	0	0	767.182	-9.0305	-14776.1	3997.69	-39.9341	0	0.0277856	-3.14964e-05	0	0	0	0	0.0200763	728.244	387.196	-568117.0	1.5	0	
3	5	4	140.672	20.0564	0.183007	0	0	0	454.465	-4.44975	-15638.9	4348.92	-36.0912	0	0.0189327	-1.97334e-05	0	0	0	0	0.0144947	1134.55	664.559	-759178.0	1.5	0	
3	5	5	134.761	20.3457	0.107549	0	0	0	673.288	-7.98672	-14701.2	3986.13	-39.4392	0	0.0195471	-2.36886e-05	0	0	0	0	0.00804031	-1568.84	378.613	-512932.0	1.5	0	
3	6	1	0.0	0.0	0.0	0	0	0	0.0	0.0	0.0	0.0	0.0	0	0.0	0.0	0	0	0	0	0.0	0.0	0.0	0.0	0.0	0	
3	6	2	0.0	0.0	0.0	0	0	0	0.0	0.0	0.0	0.0	0.0	0	0.0	0.0	0	0	0	0	0.0	0.0	0.0	0.0	0.0	0	
3	6	3	0.0	0.0	0.0	0	0	0	0.0	0.0	0.0	0.0	0.0	0	0.0	0.0	0	0	0	0	0.0	0.0	0.0	0.0	0.0	0	
3	6	4	0.0	0.0	0.0	0	0	0	0.0	0.0	0.0	0.0	0.0	0	0.0	0.0	0	0	0	0	0.0	0.0	0.0	0.0	0.0	0	
3	6	5	0.0	0.0	0.0	0	0	0	0.0	0.0	0.0	0.0	0.0	0	0.0	0.0	0	0	0	0	0.0	0.0	0.0	0.0	0.0	0	
3	6	6	0.0	0.0	0.0	0	0	0	0.0	0.0	0.0	0.0	0.0	0	0.0	0.0	0	0	0	0	0.0	0.0	0.0	0.0	0.0	0	
4	1	1	157.6	24.6788	0.263119	0	0	0	203.644	-11.5468	-6448.66	1649.64	-41.3792	0	0.0204592	-3.12605e-06	0	0	0	0	0.0259455	1071.63	608.422	-662422.0	1.5	0	
4	1	2	158.955	20.4797	0.150877	0	0	0	249.705	-4.11003	-14866.7	3984.34	-39.5266	0	0.0297324	-2.86615e-07	0	0	0	0	0.0480189	1087.98	560.438	-1234540.0	1.5	0	
4	1	3	159.359	22.7264	0.117521	0	0	0	313.439	-15.5707	-7163.98	1838.31	-42.2201	0	0.0267927	-8.29313e-06	0	0	0	0	0.0371135	1169.47	577.975	-1100540.0	1.5	0	
4	1	4	155.941	44.8917	0.447022	0	0	0	178.61	-2.26674	-14958.1	3996.47	-41.736	0	0.0227874	-1.72326e-05	0	0	0	0	0.0271057	1088.66	610.561	-911416.0	1.5	0	
4	1	5	153.98	22.563	0.313858	0	0	0	276.197	-3.46771	-14722.5	3985.63	-39.4744	0	0.0262802	-1.71938e-05	0	0	0	0	0.0191824	946.539	351.36	-741543.0	1.5	0	
4	1	6	158.665	22.2589	0.122275	0	0	0	117.414	-0.91178	-52855.8	14755.5	-33.3447	0	0.0402192	4.14641e-06	0	0	0	0	0.0433901	1407.17	565.284	-549398.0	1.5	0	
4	2	1	155.923	28.861	0.32066	0	0	0	36.1269	-29.7112	490.677	91.1549	337.652	0	-0.00225624	-5.39574e-06	0	0	0	0	0.00897564	2158.75	411.649	-641574.0	1.5	0	
4	2	2	159.011	21.9738	0.188804	0	0	0	425.176	-19.3	-7036.19	1800.64	-44.8428	0	0.0585186	-3.99389e-05	0	0	0	0	0.0434541	1155.37	669.911	-976918.0	1.5	0	
4	2	3	155.979	37.692	0.418761	0	0	0	642.094	-7.30087	-14734.4	3993.65	-39.7642	0	0.0260086	-3.14629e-05	0	0	0	0	0.0168321	1011.09	695.923	-806461.0	1.5	0	
4	2	4	161.156	25.2457	0.252534	0	0	0	341.994	-4.48134	-14835.0	3996.56	-40.1046	0	0.0335275	-2.26847e-05	0	0	0	0	0.035016	1054.99	643.551	-704449.0	1.5	0	
4	2	5	161.71	313.14	0.887696	0	0	0	2.05878	-1.89609	-14839.8	2875.43	-63.1069	0	-0.0259113	9.60751e-05	0	0	0	0	0.0103279	1546.11	389.619	-92398.4	1.5	0	
4	2	6	161.42	28.7372	0.286399	0	0	0	844.835	-10.2914	-14784.2	3996.92	-39.8752	0	0.0434304	-3.79624e-05	0	0	0	0	0.0366919	1194.29	670.744	-839657.0	1.5	0	
4	3	1	159.929	25.3061	0.275824	0	0	0	489.371	-6.36812	-14780.0	3991.73	-39.7259	0	0.0245764	-1.55275e-05	0	0	0	0	0.0331539	937.108	570.723	-810039.0	1.5	0	
4	3	2	153.508	17.0527	0.135734	0	0	0	52.8231	-13.9141	-16922.3	3436.43	-12.2929	0	-0.00658854	2.09268e-05	0	0	0	0	0.0209544	1131.57	542.823	-723423.0	1.5	0	
4	3	3	158.398	31.4118	0.358796	0	0	0	325.834	-3.82558	-14875.1	4006.4	-40.6467	0	0.0236585	-2.20635e-05	0	0	0	0	0.0130512	1019.43	594.779	-688854.0	1.5	0	
4	3	4	157.509	25.6122	0.291048	0	0	0	693.692	-8.21224	-14744.4	3992.35	-39.7103	0	0.0227874	-2.83575e-05	0	0	0	0	0.00912829	864.327	561.846	-703533.0	1.5	0	
4	3	5	161.179	30.0851	0.303851	0	0	0	177.128	-7.92405	-7376.44	1886.83	-44.1326	0	0.00793984	-2.03776e-06	0	0	0	0	0.0198873	1058.88	549.407	-838426.0	1.5	0	
4	3	6	158.249	44.2334	0.423161	0	0	0	1078.45	-12.2747	-14786.9	4001.21	-40.0165	0	0.0287393	-4.77601e-05	0	0	0	0	0.0105703	635.193	383.09	-599963.0	1.5	0	
4	4	1	159.904	25.5784	0.262232	0	0	0	937.049	-11.0002	-14774.1	3997.59	-39.8862	0	0.0333103	-3.73494e-05	0	0	0	0	0.0254377	1218.4	679.671	-841388.0	1.5	0	
4	4	2	157.987	26.3054	0.269015	0	0	0	979.062	-11.7462	-14834.9	4005.45	-40.1644	0	0.0367882	-3.6326e-05	0	0	0	0	0.0267191	885.106	668.692	-738720.0	1.5	0	
4	4	3	159.426	27.0291	0.323207	0	0	0	232.145	-2.6561	-14767.6	3995.53	-40.0003	0	0.0134399	-1.56867e-05	0	0	0	0	-0.00876354	-1259.0	677.34	-782457.0	1.5	0	
4	4	4	159.64	30.5812	0.348439	0	0	0	495.599	-5.98952	-14787.4	3996.52	-39.9617	0	0.0304542	-2.57539e-05	0	0	0	0	0.0256462	902.973	552.255	-750735.0	1.5	0	
4	4	5	158.058	27.3273	0.311517	0	0	0	229.51	-2.79859	-14793.3	3996.22	-40.0412	0	0.0268504	-2.04266e-05	0	0	0	0	0.0220775	1102.81	725.25	-502428.0	1.5	0	
4	4	6	156.132	22.7304	0.287347	0	0	0	81.7007	-2.98957	-8213.15	2123.65	-42.9379	0	0.0163097	-1.53642e-05	0	0	0	0	0.012476	995.53	759.368	-789592.0	1.5	0	
4	5	1	139.534	22.0266	0.166593	0	0	0	700.189	-8.71337	-14941.6	4035.23	-39.8252	0	0.0317	-2.4334e-05	0	0	0	0	0.0187475	1093.1	681.399	-781741.0	1.5	0	
4	5	2	140.286	23.1679	0.196341	0	0	0	56.5873	-1.1928	-15103.1	3991.52	-39.7769	0	0.0200821	-8.95151e-06	0	0	0	0	0.0282661	1102.12	586.098	-517120.0	1.5	0	
4	5	3	139.089	22.0582	0.122892	0	0	0	663.817	-8.14365	-14766.0	3992.59	-39.7305	0	0.020582	-1.85713e-05	0	0	0	0	0.0135305	1158.2	425.892	-804512.0	1.5	0	
4	5	4	135.777	22.8875	0.0908727	0	0	0	476.667	-5.77796	-14781.7	3991.6	-39.8554	0	0.00180896	-1.11634e-05	0	0	0	0	0.00999682	229641.0	355.487	-644523.0	1.5	0	
4	5	5	138.783	20.159	0.1353	0	0	0	155.616	-2.27553	-14909.0	3994.0	-40.2489	0	0.00463245	1.79431e-06	0	0	0	0	0.0082135	1172.47	664.943	-670110.0	1.5	0	
4	6	1	130.213	35.1986	0.0422097	0	0	0	135.154	-12.9543	-5763.96	1475.09	-25.6861	0	0.0683341	-3.35347e-05	0	0	0	0	0.0725908	1174.24	601.642	-832363.0	1.5	0	
4	6	2	130.213	35.1986	0.0422097	0	0	0	135.154	-12.9543	-5763.96	1475.09	-25.6861	0	0.0683341	-3.35347e-05	0	0	0	0	0.0725908	1174.24	601.642	-832363.0	1.5	0	
4	6	3	121.356	45.6456	0.035911	0	0	0	1387.71	-16.7686	-14769.9	3999.95	-39.6039	0	0.12102	-8.43753e-05	0	0	0	0	0.0891837	1444.21	571.359	-1240670.0	1.5	0	
4	6	4	121.356	45.6456	0.035911	0	0	0	1387.71	-16.7686	-14769.9	3999.95	-39.6039	0	0.12102	-8.43753e-05	0	0	0	0	0.0891837	1444.21	571.359	-1240670.0	1.5	0	
4	6	5	127.329	40.1232	0.0415854	0	0	0	973.041	-11.9419	-14676.0	3982.15	-39.2047	0	0.0698002	-4.23424e-05	0	0	0	0	0.0532887	1262.37	641.156	-1059410.0	1.5	0	
4	6	6	127.329	40.1232	0.0415854	0	0	0	973.041	-11.9419	-14676.0	3982.15	-39.2047	0	0.0698002	-4.23424e-05	0	0	0	0	0.0532887	1262.37	641.156	-1059410.0	1.5	0	
5	1	1	150.599	22.9887	0.232142	0	0	0	362.246	-4.42836	-14841.9	3999.26	-40.3549	0	0.0152718	-1.95641e-05	0	0	0	0	-0.0128091	-1583.59	750.346	-386496.0	1.5	0	
5	1	2	148.448	21.6568	0.214029	0	0	0	519.737	-8.75872	-12894.1	3373.85	-44.8545	0	0.0391172	-3.47721e-05	0	0	0	0	0.0266884	904.007	541.877	-706935.0	1.5	0	
5	2	1	144.098	21.8377	0.112803	0	0	0	47.2284	-16.5151	-2982.77	737.704	42.3675	0	0.0166861	-1.04104e-05	0	0	0	0	0.0173886	1092.4	577.046	-401366.0	1.5	0	
5	2	2	144.111	21.4258	0.117111	0	0	0	545.516	-6.51711	-14768.3	3993.89	-39.8461	0	0.0140691	-2.3675e-05	0	0	0	0	0.00669379	657.62	305.962	-511868.0	1.5	0	
5	3	1	149.948	21.3064	0.199716	0	0	0	1004.64	-11.6363	-14776.8	3998.81	-39.924	0	0.0234654	-3.73128e-05	0	0	0	0	0.0153248	697.847	350.459	-506394.0	1.5	0	
5	3	2	145.844	19.2031	0.12373	0	0	0	503.25	-6.22309	-14781.4	3993.8	-39.8522	0	0.016208	-1.53075e-05	0	0	0	0	0.00918933	1017.29	410.919	-591335.0	1.5	0	
5	4	1	148.388	19.6946	0.160979	0	0	0	32.1425	-10.8219	-20668.5	4322.06	33.422	0	0.0264308	-3.36537e-06	0	0	0	0	0.0325161	1103.12	516.113	-808735.0	1.5	0	
5	4	2	147.08	20.5262	0.151106	0	0	0	56.1441	-1.82235	-15022.5	3937.12	-37.1174	0	0.0045566	5.35911e-06	0	0	0	0	0.0249625	1463.01	371.49	-448299.0	1.5	0	
5	6	1	0.0	0.0	0.0	0	0	0	0.0	0.0	0.0	0.0	0.0	0	0.0	0.0	0	0	0	0	0.0	0.0	0.0	0.0	0.0	0	
5	6	2	0.0	0.0	0.0	0	0	0	0.0	0.0	0.0	0.0	0.0	0	0.0	0.0	0	0	0	0	0.0	0.0	0.0	0.0	0.0	0	
