6156 0.999837 1.12612 17.4938 0.166671 47 1
6157 0.999384 1.03196 -9.58199 0.230233 47 1
6164 51.1414 349.608 -0.00684863 0.410243 61555 1
6167 1.65689 43.7896 -0.0654916 0.345992 3993 1
6168 1.08278 12.8695 -0.125746 0.327388 1272 1
6169 1.62851 39.335 -0.0251577 0.42644 4152 1
6170 3.40666 96.5953 -0.0269006 0.390015 9080 1
6189 38.3014 244.167 0.00973693 0.429759 45751 1
6190 10.8783 79.2276 -0.010015 0.406913 14603 1
6191 34.0349 223.211 -0.0263075 0.393685 40994 1
6193 41.4014 277.354 -0.0251889 0.39679 49416 1
6194 4.81545 41.4752 -0.00222561 0.425308 7443 1
6197 26.3417 166.232 0.00543241 0.428313 32118 1
6198 32.2431 213.124 -0.0382735 0.380982 38666 1
6199 1.1272 -0.144592 -1.10731 0.16676 380 1
6200 7.52132 54.5396 -0.00600695 0.415952 10155 1
6201 20.3207 136.88 -0.00832358 0.412142 25374 1
6202 33.7622 235.136 -0.0228743 0.399151 41461 1
6204 41.7399 295.649 -0.0114964 0.407809 50685 1
6206 4.19718 39.6323 0.0583321 0.440103 6967 1
6208 37.1015 258.736 0.00163216 0.418314 44486 1
6209 14.9444 121.571 -0.0292924 0.38941 20067 1
6210 16.2781 107.032 -0.00357008 0.416309 19750 1
6214 41.6151 299.654 0.00872759 0.405069 50913 1
6215 47.6679 345.252 -0.010351 0.415469 59965 1
6216 15.4118 108.693 0.00877521 0.400359 18728 1
6218 22.8047 157.467 0.00441515 0.426552 28236 1
6219 8.37221 71.4347 -0.00979625 0.435528 12162 1
6220 17.2043 129.129 -0.00179631 0.404624 21607 1
6221 48.206 349.117 -0.015539 0.401169 59586 1
6222 7.5911 58.8798 0.0727756 0.467138 10789 1
6223 46.0005 331.619 -0.0363196 0.405225 57025 1
6224 42.3083 288.116 -0.0349786 0.402364 50173 1
6225 33.4251 243.061 -0.0566635 0.394849 41521 1
6233 46.0355 331.322 -0.0339594 0.408686 56858 1
6235 46.9123 334.644 -0.0226036 0.405647 56994 1
6236 42.5971 300.988 -0.0425991 0.399792 52008 1
6237 36.1128 263.704 -0.0240841 0.422833 45040 1
6239 35.7495 251.861 -0.0259774 0.412732 44069 1
6240 56.2537 409.753 -0.0328956 0.405642 70316 1
6241 6.79716 61.147 -0.0664001 0.394189 10087 1
6242 8.42011 69.1747 -0.0457737 0.40538 12067 1
6243 8.95938 62.7288 -0.0788702 0.415687 11768 1
6244 28.9937 205.141 -0.0246498 0.417248 35636 1
6245 29.5952 218.38 -0.0488111 0.395675 37257 1
6247 27.007 211.43 -0.0433281 0.383227 34305 1
6248 6.17238 67.3439 -0.06553 0.412163 10525 1
6249 29.3147 231.936 -0.0550052 0.385079 38596 1
6250 12.7726 109.194 -0.0342784 0.414171 17815 1
6251 25.8961 200.313 -0.0456888 0.398921 33425 1
6252 39.9164 283.841 -0.0174148 0.412335 49002 1
6253 33.4173 224.259 -0.0241512 0.41326 40563 1
6254 1.08334 4.39039 -0.708331 0.0129468 245 1
6255 26.0144 199.56 -0.0652489 0.387207 32792 1
6256 26.5514 204.089 -0.0255145 0.430046 34610 1
6257 35.532 266.8 -0.0287981 0.418375 45455 1
6258 36.8501 266.723 -0.0300295 0.406961 45761 1
6259 39.8664 299.049 -0.065543 0.370836 48975 1
6260 20.7712 168.445 -0.0339495 0.380604 27326 1
6262 1.16676 24.9072 -0.0275153 -0.0182118 408 1
6263 6.95963 103.991 0.365119 0.631848 14167 0
6265 0.998441 2.7756 0.900015 0.157586 11 1
6266 1.40461 70.8205 -0.390358 -0.0134712 1322 1
6285 2.44556 19.886 -0.0418118 0.374644 3389 1
6286 9.79708 68.7679 -0.00336558 0.437851 12708 1
6287 1.06729 1.07417 -0.0984666 0.229724 304 1
6288 61.2961 409.68 -0.0353263 0.410318 74726 1
6289 60.8722 410.672 -0.0287515 0.425408 75407 1
6296 42.9638 280.526 -0.0358744 0.417313 51635 1
6298 47.8667 251.514 -0.0401244 0.406675 52795 1
6299 15.4121 77.8062 -0.0643233 0.411242 17579 1
6302 157.62 734.935 -0.0605225 0.401666 170309 1
6303 109.949 530.789 -0.013341 0.423364 119821 1
6305 94.3637 450.47 -0.0240661 0.433221 103985 1
6307 138.802 693.336 -0.0325537 0.411288 152333 1
6308 16.2349 85.2511 -0.0443102 0.421251 18836 1
6310 152.121 731.266 -0.0296719 0.429317 166909 1
6311 135.753 654.54 -0.0353352 0.421518 149209 1
6321 148.306 716.151 -0.0127935 0.416899 162913 1
6322 1.0053 7.31308 -0.0671207 0.27858 670 1
6323 1.39604 62.565 -0.0122901 0.402059 4952 1
6326 142.829 696.996 -0.0243216 0.417793 156634 1
6327 149.39 710.97 -0.0396024 0.414795 161708 1
6328 154.981 740.316 -0.0190971 0.42922 171209 1
6329 156 747.472 -0.0276927 0.427969 171523 1
6330 145.905 688.971 -0.0202936 0.424071 158577 1
6331 82.281 394.927 -0.0195576 0.427618 89906 1
6333 145.008 710.963 -0.0395305 0.398704 158452 1
6334 2.95973 16.0959 0.0601963 0.538288 4032 1
6335 149.004 695.113 -0.0364556 0.421541 163268 1
6336 150.172 698.34 -0.0117008 0.439922 164993 1
6337 143.377 716.949 -0.0263223 0.421242 160122 1
6338 42.4656 204.139 -0.029213 0.408224 46958 1
6342 1.6791 8.9922 -1.30226 0.0138153 273 1
6346 151.692 737.276 -0.0461274 0.40695 166634 1
6347 56.795 277.035 -0.0183994 0.422432 64181 1
6349 67.132 313.789 -0.0261748 0.417778 73513 1
6350 11.7248 175.012 0.596023 0.711617 24268 0
6371 1.61423 63.1755 0.113064 0.366602 4945 1
6373 1.32008 37.386 0.0400275 0.32491 2902 1
6374 1.18115 47.0181 0.0963286 0.370225 3804 1
6389 4.16945 74.7238 0.363873 0.549597 10251 1
6420 160.582 765.103 0.0781793 0.407271 174385 1
6428 142.841 746.788 0.0968344 0.420145 160091 1
6433 179.501 840.941 0.104812 0.431636 194291 1
6442 165.359 805.942 0.0973594 0.415735 179571 1
6446 1.00379 8.79776 0.0564882 0.369997 789 1
6447 1.84291 98.2651 0.123882 0.425205 8306 1
6448 2.17044 105.053 0.0557087 0.35803 7941 1
6450 156.32 760.325 0.105038 0.420738 172508 1
6467 157.551 734.611 0.116335 0.424626 169704 1
6474 178.372 823.257 0.0875192 0.408807 191078 1
6481 173.097 804.567 0.0914446 0.412075 186776 1
6489 152.952 744.663 0.111747 0.429517 169810 1
6492 157.671 771.138 0.109729 0.423902 173255 1
6501 178.98 871.835 0.0946733 0.41123 195552 1
6502 175.561 836.096 0.10209 0.416001 191078 1
6515 164.065 757.791 0.121616 0.43465 178837 1
6522 159.754 761.212 0.0980264 0.424668 174365 1
6524 164.323 809.507 0.0964978 0.409751 183154 1
6546 102.619 481.737 0.172875 0.422263 112098 1
6559 100.335 463.642 0.18809 0.425922 109291 1
6561 1.25743 7.57031 0.104246 0.321678 1411 1
6571 105.185 489.202 0.137527 0.395728 112872 1
6586 101.642 473.333 0.151796 0.399487 110132 1
6595 106.526 493.293 0.170374 0.409087 114499 1
6599 17.3074 229.764 0.70901 0.704541 31716 0
6601 11.2341 152.774 0.684576 0.707448 21407 0
6603 3.60551 65.2082 0.692008 0.62654 8443 1
