1 1 1 80.8552 341.381 0.0314892 0.377509 90983 1
1 1 2 66.6464 279.277 0.0391349 0.348978 71600 1
1 1 3 66.7248 288.814 0.0443323 0.355239 71743 1
1 2 1 82.412 386.941 -0.0951564 0.380539 92864 1
1 2 2 66.076 303.48 0.0287048 0.348572 70128 1
1 2 3 64.4543 312.938 -0.0267023 0.343464 70589 1
1 3 1 88.7334 490.148 -0.024145 0.374471 103647 1
1 3 2 76.3084 436.499 -0.0067699 0.37609 85927 1
1 3 3 75.8569 430.932 0.0027942 0.361401 85242 1
1 4 1 104.774 690.916 0.034237 0.35822 123266 1
1 4 2 94.082 597.047 -0.01597 0.342752 108146 1
1 4 3 92.5885 582.51 0.0110378 0.372467 106137 1
1 5 1 133.877 1041.55 -0.0475463 0.360651 164602 1
1 5 2 126.093 868.839 0.028917 0.345156 144626 1
1 5 3 124.362 813.63 0.0409267 0.364434 141374 1
2 1 1 83.1076 348.629 0.0518202 0.370018 87615 1
2 1 2 79.8378 337.092 0.0118002 0.377095 84317 1
2 1 3 80.2308 347.206 -0.0474332 0.371372 85197 1
2 1 4 72.9966 288.496 -0.0543663 0.358084 78554 1
2 1 5 72.9171 284.071 -0.110121 0.382307 78540 1
2 1 6 75.0908 277.78 -0.0945432 0.384858 79257 1
2 1 7 90.7586 477.175 -0.0881728 0.348337 100290 1
2 2 1 81.5786 405.443 0.00343567 0.37084 89256 1
2 2 2 75.9482 372.57 0.0283216 0.404732 84896 1
2 2 3 78.4277 369.252 -5.84503e-05 0.401454 86974 1
2 2 4 71.2296 321.471 -0.102749 0.428321 80152 1
2 2 5 73.9552 335.807 -0.0279168 0.431378 82688 1
2 2 6 71.8738 309.463 -0.0678443 0.42317 77526 1
2 2 7 87.5142 478.291 -0.0576079 0.377217 99247 1
2 3 1 95.4068 541.434 -0.0113255 0.397465 107546 1
2 3 2 91.0394 489.917 0.0189281 0.384805 101810 1
2 3 3 95.3512 531.196 0.0073313 0.378421 106806 1
2 3 4 82.1453 424.508 -0.0717702 0.423753 93352 1
2 3 5 80.9843 406.374 -0.0416125 0.388957 91259 1
2 3 6 84.3936 404.025 0.0346037 0.436666 94011 1
2 3 7 100.926 550.031 -0.0321702 0.403818 115411 1
2 4 1 123.149 728.907 -0.0253899 0.38744 138202 1
2 4 2 119.085 678.82 0.0112694 0.387677 134144 1
2 4 3 124.905 697.444 -0.0113907 0.402464 141047 1
2 4 4 115.916 625.354 0.00758732 0.390386 129869 1
2 4 5 109.935 609.67 -0.0494608 0.39787 124901 1
2 4 6 108.586 541.879 -0.0788116 0.424327 124045 1
2 4 7 116.279 652.773 -0.0616939 0.399853 131881 1
2 5 1 154.437 1001.53 0.00374219 0.390995 179863 1
2 5 2 162.309 957.547 0.0151055 0.402922 186122 1
2 5 3 163.648 936.21 0.045759 0.411095 188579 1
2 5 4 149.314 820.83 -0.00941411 0.432795 172550 1
2 5 5 145.295 797.617 0.00222815 0.421951 165760 1
2 5 6 145.341 801.095 -0.00547026 0.411371 165289 1
2 5 7 153.49 904.895 -0.022526 0.407764 178040 1
3 1 1 13.3144 64.6598 0.0560369 0.433284 14983 1
3 1 2 14.7146 63.868 0.187241 0.536049 17681 1
3 1 3 19.0966 88.3989 0.00766519 0.400105 22596 1
3 1 4 21.2077 83.9242 0.0856182 0.43764 22866 1
3 1 5 22.4819 103.959 0.0459421 0.403843 24577 1
3 1 6 19.4992 90.199 -0.0846171 0.416037 21874 1
3 2 1 14.0252 72.1462 -0.173922 0.411369 16271 1
3 2 2 12.7526 69.3071 -0.0943737 0.434379 15814 1
3 2 3 19.5532 88.9391 0.00440261 0.478926 21998 1
3 2 4 20.5648 101.058 0.125294 0.466705 24607 1
3 2 5 22.2893 103.117 -0.0477647 0.46086 24565 1
3 2 6 22.4244 111.155 0.101767 0.466053 26232 1
3 3 1 16.6614 89.6712 -0.0241957 0.429586 19675 1
3 3 2 15.1641 87.7904 -0.0895476 0.483348 19016 1
3 3 3 25.0409 129.975 -0.106289 0.432952 28439 1
3 3 4 21.88 123.633 0.0411285 0.433687 26676 1
3 3 5 26.5215 139.491 0.0318059 0.441463 30318 1
3 3 6 3.06207 32.3379 -0.105876 0.347635 5400 1
3 4 1 31.902 183.457 0.0377746 0.441029 37918 1
3 4 2 22.1942 114.998 -0.0293913 0.440856 24511 1
3 4 3 28.3695 164.848 0.142439 0.427465 34452 1
3 4 4 28.5225 156.226 0.130514 0.485449 33879 1
3 4 5 29.147 167.441 -0.0797066 0.468115 35115 1
3 4 6 32.5217 189.404 -0.0459557 0.462528 38162 1
3 5 1 35.2193 202.588 -0.0429814 0.442285 41302 1
3 5 2 32.1934 180.128 -0.0272767 0.466006 38200 1
3 5 3 39.3552 226.965 0.0476861 0.466447 47366 1
3 5 4 39.2764 234.29 -0.0989479 0.408698 46329 1
3 5 5 46.1125 272.133 0.00270879 0.459119 54901 1
4 1 1 19.5 78.8057 -0.0165814 0.428959 21409 1
4 1 2 19.9271 86.6838 0.0382071 0.42245 22220 1
4 1 3 19.3272 89.1715 -0.0576737 0.434841 22285 1
4 1 4 18.4098 86.618 -0.0234712 0.392938 21538 1
4 1 5 20.1083 98.3494 -0.0487819 0.412126 23174 1
4 1 6 0 0 0 0 0 -1
4 2 1 18.8965 88.1667 -0.242515 0.483019 21738 1
4 2 2 18.8924 99.8961 0.0151848 0.410415 21613 1
4 2 3 17.8394 83.8781 -0.047612 0.456529 20519 1
4 2 4 19.469 94.0302 0.0322068 0.45527 22551 1
4 2 5 21.0121 109.882 0.194506 0.404174 24778 1
4 2 6 21.2993 117.877 -0.0640958 0.393418 24344 1
4 3 1 20.8958 116.286 0.157282 0.465133 25048 1
4 3 2 29.0745 159.558 -0.011716 0.440229 33787 1
4 3 3 21.4813 125.023 -0.0682606 0.427915 26078 1
4 3 4 18.9793 104.276 -0.0348143 0.449883 22674 1
4 3 5 22.3492 121.653 -0.0510792 0.455891 26208 1
4 3 6 19.6848 113.171 -0.0095804 0.395901 22959 1
4 4 1 29.04 165.203 -0.0689542 0.444377 34245 1
4 4 2 30.9619 174.087 -0.0112371 0.450704 36276 1
4 4 3 30.3513 177.413 -0.0589668 0.420112 34788 1
4 4 4 25.0852 150.204 -0.0859355 0.411002 30458 1
4 4 5 29.4526 170.027 -0.0242532 0.420369 34030 1
4 4 6 32.8679 218.082 0.0404385 0.418008 39259 1
4 5 1 42.4057 253.927 0.0671295 0.455903 50799 1
4 5 2 41.5202 248.764 -0.0149643 0.471847 49806 1
4 5 3 40.1256 242.521 -0.045847 0.428709 47257 1
4 5 4 37.8608 235.25 -0.0428592 0.407922 45215 1
4 5 5 47.7554 295.994 -0.082045 0.450784 56586 1
5 1 1 110.912 603.977 -0.00022975 0.351831 122721 1
5 1 2 109.746 494.223 0.000600274 0.387522 120695 1
5 2 1 118.331 612.18 0.0357478 0.398599 133442 1
5 2 2 123.007 554.487 -0.0966423 0.412508 134303 1
5 3 1 136.655 798.561 -0.00823328 0.396428 156108 1
5 3 2 134.572 684.371 0.0435143 0.417428 151789 1
5 4 1 156.04 996.493 0.00362667 0.382024 181673 1
5 4 2 176.643 1003.83 -0.00244771 0.420548 203773 1
