1 1 1 4.70299 56.7116 -3.12898 0.192386 3855 1
1 1 2 4.50833 44.0666 -3.01774 0.200249 3093 1
1 1 3 3.58436 41.6687 -3.01103 0.216416 2782 1
1 2 1 4.53058 42.1441 -2.96186 0.239641 3573 1
1 2 2 4.53058 42.1441 -2.96186 0.239641 3573 1
1 2 3 2.91377 38.2393 -3.07551 0.218544 2649 1
1 3 1 5.0463 59.8564 -3.10303 0.257366 4146 1
1 3 2 3.7254 52.5531 -3.15096 0.18669 3062 1
1 3 3 3.46058 47.5806 -3.1832 0.228254 3105 1
1 4 1 4.95518 84.3685 -3.03387 0.185783 4747 1
1 4 2 3.90177 60.4219 -3.09607 0.196295 3594 1
1 4 3 3.39038 64.3759 -3.03749 0.193936 3571 1
1 5 1 6.81095 119.879 -3.04915 0.198305 5927 1
1 5 2 6.34199 80.4907 -3.17709 0.190952 4823 1
1 5 3 4.58575 76.843 -3.06537 0.185029 4169 1
2 1 1 5.43908 63.1292 -2.9306 0.218279 3944 1
2 1 2 4.72117 56.7981 -3.12308 0.201881 3431 1
2 1 3 4.74331 63.4658 -2.94382 0.20478 3594 1
2 1 4 3.36853 39.9353 -3.13051 0.244536 3234 1
2 1 5 4.31545 34.6475 -2.95475 0.283983 3126 1
2 1 6 4.09091 34.7649 -2.85613 0.280314 3259 1
2 1 7 4.71608 78.875 -3.04268 0.223929 4417 1
2 2 1 4.37563 36.6776 -2.99685 0.249849 2951 1
2 2 2 4.37563 36.6776 -2.99685 0.249849 2951 1
2 2 3 3.597 49.1331 -3.17737 0.233232 3426 1
2 2 4 2.80132 39.6703 -3.06957 0.262129 2850 1
2 2 5 3.13489 35.0847 -3.05662 0.242215 2964 1
2 2 6 3.75232 31.2119 -3.15819 0.26521 2921 1
2 2 7 4.07637 55.7212 -3.11596 0.231524 3827 1
2 3 1 4.78697 66.8315 -3.10311 0.19838 3837 1
2 3 2 3.1982 47.5965 -2.95585 0.223485 3334 1
2 3 3 4.41528 60.5747 -3.15745 0.224942 3759 1
2 3 4 3.62694 47.8043 -3.11224 0.263939 3333 1
2 3 5 3.89393 38.1061 -3.04795 0.263818 3178 1
2 3 6 3.02408 37.8103 -2.88471 0.269515 3275 1
2 3 7 4.55417 56.2289 -3.06398 0.29113 3997 1
2 4 1 6.9334 74.5383 -3.29626 0.205723 4684 1
2 4 2 4.44528 68.1675 -3.02647 0.210631 4094 1
2 4 3 5.01538 84.7579 -3.04939 0.209992 4637 1
2 4 4 4.57566 59.327 -3.08273 0.250023 4081 1
2 4 5 5.01204 46.8741 -3.04027 0.305696 3896 1
2 4 6 4.99551 42.9479 -3.10847 0.295886 4025 1
2 4 7 5.67118 66.488 -3.03327 0.263899 4594 1
2 5 1 6.99371 78.494 -3.13955 0.287124 5846 1
2 5 2 5.84781 78.5988 -3.05061 0.226914 5017 1
2 5 3 6.48052 90.4365 -3.09867 0.21579 5534 1
2 5 4 6.6766 76.9147 -3.03111 0.261998 5286 1
2 5 5 5.35349 57.5148 -2.88393 0.294305 4874 1
2 5 6 5.47941 51.8655 -2.96906 0.301413 4556 1
2 5 7 5.52719 76.0585 -3.022 0.288772 5608 1
3 1 1 1.20142 7.64818 -3.16894 0.190765 510 1
3 1 2 1.16233 10.7013 -3.16055 0.139135 538 1
3 1 3 1.74783 20.0006 -3.02058 0.149798 882 1
3 1 4 1.53795 21.774 -3.17237 0.112087 886 1
3 1 5 1.25383 16.9159 -2.77345 0.160078 771 1
3 1 6 1.25383 16.9159 -2.77345 0.160078 771 1
3 2 2 1.13973 7.47296 -2.75211 0.149403 411 1
3 2 3 1.43586 10.3895 -3.03059 0.191968 727 1
3 2 4 1.44762 10.0441 -2.84627 0.128936 691 1
3 2 5 1.38493 15.2281 -3.00435 0.13355 757 1
3 2 6 1.36444 15.2106 -2.9802 0.245807 942 1
3 3 1 1.22164 6.99928 -3.14843 0.172462 502 1
3 3 2 1.1525 8.46746 -3.15203 0.25019 588 1
3 3 3 1.43905 14.6989 -2.87879 0.14592 808 1
3 3 4 1.4771 13.8958 -3.05288 0.169087 844 1
3 3 5 1.50968 13.8439 -2.7874 0.207284 878 1
3 3 6 1.50968 13.8439 -2.7874 0.207284 878 1
3 4 1 1.33486 10.9102 -2.99764 0.165508 712 1
3 4 2 1.21179 7.6353 -3.07958 0.184714 621 1
3 4 3 1.39151 14.2574 -2.98233 0.21177 1023 1
3 4 4 1.37371 17.9121 -2.4979 0.172084 1000 1
3 4 5 1.54588 15.9705 -2.80097 0.174899 977 1
3 4 6 1.49333 26.3781 -2.90361 0.183904 1244 1
3 5 1 1.3611 17.8286 -3.10807 0.194868 931 1
3 5 2 1.40173 14.0709 -3.14409 0.202231 913 1
3 5 3 1.89722 26.5385 -3.07793 0.185629 1513 1
3 5 4 1.55621 19.6664 -3.02125 0.219393 1405 1
3 5 5 1.78079 32.152 -2.95112 0.189763 1671 1
4 1 1 1.31598 12.3829 -2.93544 0.201388 791 1
4 1 2 1.30835 15.8752 -3.06506 0.145916 814 1
4 1 3 1.32548 15.1907 -2.88917 0.122465 788 1
4 1 4 1.67908 16.1415 -3.05677 0.130203 928 1
4 1 5 1.40471 14.2325 -3.0142 0.235209 879 1
4 1 6 0 0 0 0 0 -1
4 2 1 1.54444 14.367 -3.07381 0.171157 706 1
4 2 2 1.1826 12.2925 -3.11837 0.193778 709 1
4 2 3 1.1826 12.2925 -3.11837 0.193778 709 1
4 2 4 1.3488 10.6742 -3.40576 0.197786 726 1
4 2 5 1.3488 10.6742 -3.40576 0.197786 726 1
4 2 6 1.50604 14.6877 -3.37933 0.175634 899 1
4 3 1 1.53539 15.4224 -3.12035 0.16646 871 1
4 3 2 1.53539 15.4224 -3.12035 0.16646 871 1
4 3 3 1.26397 18.5282 -2.60622 0.130544 788 1
4 3 4 1.39496 16.4771 -3.14015 0.191358 862 1
4 3 5 1.29759 9.741 -3.04703 0.228906 830 1
4 3 6 1.36884 9.95399 -3.12414 0.288812 822 1
4 4 1 1.53389 17.5765 -3.05911 0.16659 948 1
4 4 2 1.60847 21.0518 -3.02644 0.148108 1040 1
4 4 3 1.56507 15.6529 -3.20701 0.213133 930 1
4 4 4 1.35061 17.4213 -3.18384 0.178419 1026 1
4 4 5 1.32627 16.548 -2.89623 0.208494 951 1
4 4 6 1.66393 25.371 -3.24058 0.212894 1215 1
4 5 1 1.80403 32.1173 -3.00787 0.167468 1490 1
4 5 2 1.55916 24.27 -3.06096 0.221611 1428 1
4 5 3 1.64923 22.5013 -3.00351 0.20501 1402 1
4 5 4 1.76719 25.8408 -3.02373 0.200198 1551 1
4 5 5 1.85359 31.304 -3.1158 0.175513 1730 1
5 1 1 6.54931 123.4 -3.1274 0.187883 5444 1
5 1 2 7.79884 83.2646 -3.19363 0.184169 5418 1
5 2 1 5.79107 89.1182 -3.01661 0.199733 4917 1
5 2 2 7.27295 74.5758 -2.97589 0.177857 5180 1
5 3 1 6.70407 96.4038 -3.11929 0.211046 5441 1
5 3 2 7.8209 85.1503 -3.19961 0.196309 5828 1
5 4 1 9.16898 130.079 -3.17979 0.207511 7089 1
5 4 2 9.65089 102.134 -3.00575 0.223055 7232 1
