006164
006189
006190
006191
006193
006194
006197
006198
006200
006201
006202
006204
006206
006208
006210
006214
006215
006218
006220
006221
006222
006223
006225
006233
006235
006236
006237
006239
006240
006242
006243
006244
006245
006247
006248
006249
006250
006251
006252
006253
006255
006256
006257
006258
006259
006260
006286
006289
006296
006298
006299
006302
006303
006305
006307
006310
006311
006313
006321
006326
006327
006328
006329
006330
006331
006333
006335
006336
006337
006339
006340
006346
006347
006348
006349
006351
006352
006353
006354
006361
006362
006363
006366
006367
006368
006369
006370
006377
006378
006379
006380
006381
006382
006383
006384
006385
006386
006396
006399