006420
006421
006422
006426
006428
006429
006430
006431
006432
006433
006437
006442
006443
006444
006445
006449
006450
006451
006452
006453
006454
006455
006456
006457
006458
006461
006462
006463
006464
006465
006466
006467
006468
006470
006472
006473
006474
006475
006476
006479
006481
006482
006483
006484
006485
006486
006488
006489
006491
006492
006498
006499
006501
006502
006510
006511
006512
006513
006514
006516
006522
006523
006524
006525
006546
006547
006548
006549
006550
006557
006558
006559
006560
006563
006565
006566
006567
006568
006569
006570
006571
006572
006573
006576
006577
006578
006581
006582
006585
006586
006587
006589
006590
006591
006592
006593
006595
006597
006598
