# fadc
1 1 1 5.925020 0.000000 5.524992 0.000000
1 1 2 5.950001 0.000000 5.524992 0.000000
1 1 3 5.950001 0.000000 5.524992 0.000000
1 2 1 5.925020 0.000000 5.474990 0.000000
1 2 2 5.899992 0.000000 5.524992 0.000000
1 2 3 5.925020 0.000000 5.524992 0.000000
1 3 1 5.975020 0.000000 5.524992 0.000000
1 3 2 5.950001 0.000000 5.524992 0.000000
1 3 3 5.925020 0.000000 5.524992 0.000000
1 4 1 5.950001 0.000000 5.524992 0.000000
1 4 2 5.950001 0.000000 5.524992 0.000000
1 4 3 5.950001 0.000000 5.524992 0.000000
1 5 1 5.999985 0.000000 5.524992 0.000000
1 5 2 5.950001 0.000000 5.524992 0.000000
1 5 3 5.950001 0.000000 5.524992 0.000000
1 6 1 0.000000 0.000000 0.000000 0.000000
1 6 2 0.000000 0.000000 0.000000 0.000000
1 6 3 0.000000 0.000000 0.000000 0.000000
2 1 1 7.125011 0.000000 6.674998 0.000000
2 1 2 7.174993 0.000000 6.674998 0.000000
2 1 3 7.125011 0.000000 6.699984 0.000000
2 1 4 7.149990 0.000000 6.724979 0.000000
2 1 5 7.149990 0.000000 6.774986 0.000000
2 1 6 7.149990 0.000000 6.749980 0.000000
2 1 7 7.125011 0.000000 6.699984 0.000000
2 2 1 7.125011 0.000000 6.649979 0.000000
2 2 2 7.125011 0.000000 6.674998 0.000000
2 2 3 7.074976 0.000000 6.724979 0.000000
2 2 4 7.174993 0.000000 6.724979 0.000000
2 2 5 7.125011 0.000000 6.724979 0.000000
2 2 6 7.200017 0.000000 6.799995 0.000000
2 2 7 7.174993 0.000000 6.749980 0.000000
2 3 1 7.074976 0.000000 6.625016 0.000000
2 3 2 7.149990 0.000000 6.674998 0.000000
2 3 3 7.125011 0.000000 6.724979 0.000000
2 3 4 7.174993 0.000000 6.724979 0.000000
2 3 5 7.174993 0.000000 6.749980 0.000000
2 3 6 7.174993 0.000000 6.724979 0.000000
2 3 7 7.149990 0.000000 6.724979 0.000000
2 4 1 7.074976 0.000000 6.625016 0.000000
2 4 2 7.074976 0.000000 6.625016 0.000000
2 4 3 7.174993 0.000000 6.724979 0.000000
2 4 4 7.125011 0.000000 6.699984 0.000000
2 4 5 7.225009 0.000000 6.724979 0.000000
2 4 6 7.125011 0.000000 6.724979 0.000000
2 4 7 7.200017 0.000000 6.749980 0.000000
2 5 1 7.149990 0.000000 6.649979 0.000000
2 5 2 7.074976 0.000000 6.625016 0.000000
2 5 3 7.149990 0.000000 6.699984 0.000000
2 5 4 7.174993 0.000000 6.699984 0.000000
2 5 5 7.149990 0.000000 6.699984 0.000000
2 5 6 7.200017 0.000000 6.699984 0.000000
2 5 7 7.174993 0.000000 6.699984 0.000000
2 6 1 0.000000 0.000000 0.000000 0.000000
2 6 2 0.000000 0.000000 0.000000 0.000000
2 6 3 0.000000 0.000000 0.000000 0.000000
2 6 4 0.000000 0.000000 0.000000 0.000000
2 6 5 0.000000 0.000000 0.000000 0.000000
2 6 6 0.000000 0.000000 0.000000 0.000000
2 6 7 0.000000 0.000000 0.000000 0.000000
3 1 1 2.075008 0.000000 1.875005 0.000000
3 1 2 2.124993 0.000000 1.850005 0.000000
3 1 3 2.099996 0.000000 1.850005 0.000000
3 1 4 2.124993 0.000000 1.875005 0.000000
3 1 5 2.199993 0.000000 1.850005 0.000000
3 1 6 2.149996 0.000000 1.875005 0.000000
3 2 1 2.249996 0.000000 1.899998 0.000000
3 2 2 2.124993 0.000000 1.850005 0.000000
3 2 3 2.124993 0.000000 1.850005 0.000000
3 2 4 2.124993 0.000000 1.850005 0.000000
3 2 5 2.149996 0.000000 1.850005 0.000000
3 2 6 2.124993 0.000000 1.899998 0.000000
3 3 1 2.175003 0.000000 1.899998 0.000000
3 3 2 2.124993 0.000000 1.899998 0.000000
3 3 3 2.149996 0.000000 1.850005 0.000000
3 3 4 2.225003 0.000000 1.850005 0.000000
3 3 5 2.124993 0.000000 1.899998 0.000000
3 3 6 2.249996 0.000000 1.975004 0.000000
3 4 1 2.075008 0.000000 1.825000 0.000000
3 4 2 2.075008 0.000000 1.825000 0.000000
3 4 3 2.149996 0.000000 1.875005 0.000000
3 4 4 2.199993 0.000000 1.875005 0.000000
3 4 5 2.124993 0.000000 1.850005 0.000000
3 4 6 2.199993 0.000000 1.899998 0.000000
3 5 1 2.099996 0.000000 1.850005 0.000000
3 5 2 2.149996 0.000000 1.825000 0.000000
3 5 3 2.124993 0.000000 1.850005 0.000000
3 5 4 2.199993 0.000000 1.850005 0.000000
3 5 5 2.124993 0.000000 1.850005 0.000000
3 6 1 0.000000 0.000000 0.000000 0.000000
3 6 2 0.000000 0.000000 0.000000 0.000000
3 6 3 0.000000 0.000000 0.000000 0.000000
3 6 4 0.000000 0.000000 0.000000 0.000000
3 6 5 0.000000 0.000000 0.000000 0.000000
3 6 6 0.000000 0.000000 0.000000 0.000000
4 1 1 2.149996 0.000000 1.875005 0.000000
4 1 2 2.099996 0.000000 1.850005 0.000000
4 1 3 2.124993 0.000000 1.875005 0.000000
4 1 4 2.249996 0.000000 1.825000 0.000000
4 1 5 2.225003 0.000000 1.850005 0.000000
4 1 6 2.075008 0.000000 1.899998 0.000000
4 2 1 2.175003 0.000000 1.875005 0.000000
4 2 2 2.175003 0.000000 1.875005 0.000000
4 2 3 2.075008 0.000000 1.850005 0.000000
4 2 4 2.175003 0.000000 1.850005 0.000000
4 2 5 2.024996 0.000000 1.850005 0.000000
4 2 6 2.149996 0.000000 1.875005 0.000000
4 3 1 2.225003 0.000000 1.925000 0.000000
4 3 2 2.099996 0.000000 1.875005 0.000000
4 3 3 2.199993 0.000000 1.850005 0.000000
4 3 4 2.249996 0.000000 1.875005 0.000000
4 3 5 2.149996 0.000000 1.850005 0.000000
4 3 6 2.149996 0.000000 1.875005 0.000000
4 4 1 2.149996 0.000000 1.875005 0.000000
4 4 2 2.124993 0.000000 1.875005 0.000000
4 4 3 2.199993 0.000000 1.875005 0.000000
4 4 4 2.199993 0.000000 1.875005 0.000000
4 4 5 2.199993 0.000000 1.850005 0.000000
4 4 6 2.249996 0.000000 1.875005 0.000000
4 5 1 2.124993 0.000000 1.850005 0.000000
4 5 2 2.225003 0.000000 1.850005 0.000000
4 5 3 2.099996 0.000000 1.850005 0.000000
4 5 4 2.249996 0.000000 1.850005 0.000000
4 5 5 2.124993 0.000000 1.875005 0.000000
4 6 1 0.000000 0.000000 0.000000 0.000000
4 6 2 0.000000 0.000000 0.000000 0.000000
4 6 3 0.000000 0.000000 0.000000 0.000000
4 6 4 0.000000 0.000000 0.000000 0.000000
4 6 5 0.000000 0.000000 0.000000 0.000000
4 6 6 0.000000 0.000000 0.000000 0.000000
5 1 1 7.274994 0.000000 6.774986 0.000000
5 1 2 7.274994 0.000000 6.825004 0.000000
5 2 1 7.200017 0.000000 6.774986 0.000000
5 2 2 7.250020 0.000000 6.774986 0.000000
5 3 1 7.149990 0.000000 6.724979 0.000000
5 3 2 7.250020 0.000000 6.799995 0.000000
5 4 1 7.250020 0.000000 6.774986 0.000000
5 4 2 7.174993 0.000000 6.724979 0.000000
5 6 1 0.000000 0.000000 0.000000 0.000000
5 6 2 0.000000 0.000000 0.000000 0.000000

# tdc












































































































































