1 1 1 92.12 -296.371
1 1 2 84.82 -296.371
1 1 3 77.52 -296.371
2 1 1 70.22 -296.371
2 1 2 62.92 -296.371
2 1 3 55.62 -296.371
2 1 4 48.32 -296.371
2 1 5 41.02 -296.371
2 1 6 33.72 -296.371
2 1 7 26.42 -296.371
4 1 1 19.12 -296.371
3 1 1 19.12 -296.371
4 1 2 11.82 -296.371
3 1 2 11.82 -296.371
4 1 3 4.52 -296.371
3 1 3 4.52 -296.371
4 1 4 -2.78 -296.371
3 1 4 -2.78 -296.371
4 1 5 -10.08 -296.371
3 1 5 -10.08 -296.371
4 1 6 -17.38 -296.371
3 1 6 -17.38 -296.371
5 1 1 -24.68 -296.371
5 1 2 -31.98 -296.371
1 2 1 92.12 -288.431
1 2 2 84.82 -288.431
1 2 3 77.52 -288.431
2 2 1 70.22 -288.431
2 2 2 62.92 -288.431
2 2 3 55.62 -288.431
2 2 4 48.32 -288.431
2 2 5 41.02 -288.431
2 2 6 33.72 -288.431
2 2 7 26.42 -288.431
4 2 1 19.12 -288.431
3 2 1 19.12 -288.431
4 2 2 11.82 -288.431
3 2 2 11.82 -288.431
4 2 3 4.52 -288.431
3 2 3 4.52 -288.431
4 2 4 -2.78 -288.431
3 2 4 -2.78 -288.431
4 2 5 -10.08 -288.431
3 2 5 -10.08 -288.431
4 2 6 -17.38 -288.431
3 2 6 -17.38 -288.431
5 2 1 -24.68 -288.431
5 2 2 -31.98 -288.431
1 3 1 92.12 -280.811
1 3 2 84.82 -280.811
1 3 3 77.52 -280.811
2 3 1 70.22 -280.811
2 3 2 62.92 -280.811
2 3 3 55.62 -280.811
2 3 4 48.32 -280.811
2 3 5 41.02 -280.811
2 3 6 33.72 -280.811
2 3 7 26.42 -280.811
4 3 1 19.12 -280.811
3 3 1 19.12 -280.811
4 3 2 11.82 -280.811
3 3 2 11.82 -280.811
4 3 3 4.52 -280.811
3 3 3 4.52 -280.811
4 3 4 -2.78 -280.811
3 3 4 -2.78 -280.811
4 3 5 -10.08 -280.811
3 3 5 -10.08 -280.811
4 3 6 -17.38 -280.811
3 3 6 -17.38 -280.811
5 3 1 -24.68 -280.811
5 3 2 -31.98 -280.811
1 4 1 92.12 -272.871
1 4 2 84.82 -272.871
1 4 3 77.52 -272.871
2 4 1 70.22 -272.871
2 4 2 62.92 -272.871
2 4 3 55.62 -272.871
2 4 4 48.32 -272.871
2 4 5 41.02 -272.871
2 4 6 33.72 -272.871
2 4 7 26.42 -272.871
4 4 1 19.12 -272.871
3 4 1 19.12 -272.871
4 4 2 11.82 -272.871
3 4 2 11.82 -272.871
4 4 3 4.52 -272.871
3 4 3 4.52 -272.871
4 4 4 -2.78 -272.871
3 4 4 -2.78 -272.871
4 4 5 -10.08 -272.871
3 4 5 -10.08 -272.871
4 4 6 -17.38 -272.871
3 4 6 -17.38 -272.871
5 4 1 -24.68 -272.871
5 4 2 -31.98 -272.871
1 5 1 92.12 -265.251
1 5 2 84.82 -265.251
1 5 3 77.52 -265.251
2 5 1 70.22 -265.251
2 5 2 62.92 -265.251
2 5 3 55.62 -265.251
2 5 4 48.32 -265.251
2 5 5 41.02 -265.251
2 5 6 33.72 -265.251
2 5 7 26.42 -265.251
4 5 1 19.12 -265.251
3 5 1 19.12 -265.251
4 5 2 11.82 -265.251
3 5 2 11.82 -265.251
4 5 3 4.52 -265.251
3 5 3 4.52 -265.251
4 5 4 -2.78 -265.251
3 5 4 -2.78 -265.251
4 5 5 -10.08 -265.251
3 5 5 -10.08 -265.251
1 6 1 92.12 -257.751
1 6 2 84.82 -257.751
1 6 3 77.52 -257.751
2 6 1 70.22 -257.751
2 6 2 62.92 -257.751
2 6 3 55.62 -257.751
2 6 4 48.32 -257.751
2 6 5 41.02 -257.751
2 6 6 33.72 -257.751
2 6 7 26.42 -257.751
4 6 1 19.12 -257.751
3 6 1 19.12 -257.751
4 6 2 11.82 -257.751
3 6 2 11.82 -257.751
4 6 3 4.52 -257.751
3 6 3 4.52 -257.751
4 6 4 -2.78 -257.751
3 6 4 -2.78 -257.751
4 6 5 -10.08 -257.751
3 6 5 -10.08 -257.751
4 6 6 -17.38 -264.951
3 6 6 -17.38 -264.951
5 6 1 -24.68 -264.951
5 6 2 -31.98 -264.951
