1 1 1 124.794 489.292 0.230482 0.376769 136103 1
1 1 2 103.028 397.493 0.223757 0.345805 108897 1
1 1 3 106.477 400.332 0.219012 0.343938 109135 1
1 2 1 128.292 549.332 0.100794 0.371353 139211 1
1 2 2 102.612 437.377 0.225323 0.3476 106561 1
1 2 3 103.344 443.986 0.18309 0.356077 107205 1
1 3 1 139.905 713.415 0.148423 0.359817 156848 1
1 3 2 121.926 600.847 0.174649 0.372487 129676 1
1 3 3 118.93 609.598 0.18832 0.367379 128372 1
1 4 1 162.653 964.917 0.202063 0.350855 185232 1
1 4 2 146.707 842.828 0.178129 0.35247 162869 1
1 4 3 147.293 824.248 0.185374 0.352278 160770 1
1 5 1 210.653 1470.39 0.154919 0.368105 247715 1
1 5 2 196.673 1216.09 0.226848 0.353226 219124 1
1 5 3 194.791 1157.09 0.219633 0.358844 214357 1
2 1 1 128.864 483.278 0.240468 0.360732 132825 1
2 1 2 123.816 474.383 0.176982 0.361784 128011 1
2 1 3 124.889 495.778 0.122617 0.352402 129754 1
2 1 4 113.713 381.499 0.150367 0.377379 116324 1
2 1 5 113.392 371.667 0.0937807 0.397926 116844 1
2 1 6 114.85 381.095 0.101203 0.380691 117289 1
2 1 7 141.45 671.028 0.081571 0.331401 150487 1
2 2 1 128.317 563.136 0.168457 0.351272 134209 1
2 2 2 119.225 511.696 0.210651 0.393745 127828 1
2 2 3 124.864 524.234 0.168651 0.38749 132836 1
2 2 4 112.079 443.295 0.0841216 0.411516 119344 1
2 2 5 116.297 449.763 0.132252 0.415638 124199 1
2 2 6 107.463 415.182 0.123657 0.432153 115428 1
2 2 7 138.324 661.515 0.132613 0.38428 150069 1
2 3 1 147.309 765.365 0.170851 0.392516 163427 1
2 3 2 141.206 717.332 0.202021 0.372342 154377 1
2 3 3 148.969 733.154 0.191002 0.373119 160880 1
2 3 4 127.641 566.385 0.0990357 0.403533 138390 1
2 3 5 124.75 544.088 0.195823 0.423442 135182 1
2 3 6 128.608 534.031 0.220404 0.438838 139195 1
2 3 7 154.76 777.278 0.157794 0.397974 171593 1
2 4 1 193.203 1040.78 0.147625 0.371339 209408 1
2 4 2 187.069 933.3 0.216876 0.392487 202737 1
2 4 3 199.612 1003.13 0.170416 0.388222 214947 1
2 4 4 177.066 865.887 0.220419 0.411156 194020 1
2 4 5 168.786 821.189 0.139992 0.40377 185563 1
2 4 6 169.496 757.017 0.125974 0.432364 185702 1
2 4 7 178.589 889.524 0.123067 0.409409 196633 1
2 5 1 247.166 1394.22 0.184432 0.390708 273727 1
2 5 2 255.811 1370.47 0.193936 0.380971 282093 1
2 5 3 261.953 1329.32 0.21843 0.390065 285799 1
2 5 4 231.239 1101.48 0.178965 0.438719 255589 1
2 5 5 223.62 1058.75 0.199817 0.44001 246940 1
2 5 6 227.815 1096.22 0.171544 0.401738 247733 1
2 5 7 237.992 1227.38 0.156978 0.395212 264185 1
3 1 1 17.9711 76.2354 0.154094 0.41789 19925 1
3 1 2 21.8765 94.9643 0.205735 0.373708 24065 1
3 1 3 31.7695 129.369 0.182511 0.383104 34201 1
3 1 4 32.7001 127.151 0.24321 0.409951 34502 1
3 1 5 34.0905 142.052 0.201711 0.386106 36680 1
3 1 6 30.6221 123.036 0.0709672 0.391047 32356 1
3 2 1 20.0891 88.8558 -0.0788983 0.376108 22215 1
3 2 2 18.6153 77.3745 0.00949087 0.458236 21147 1
3 2 3 30.3594 121.873 0.18979 0.494973 32984 1
3 2 4 33.1373 135.818 0.340652 0.481516 36530 1
3 2 5 33.1586 149.747 0.0953259 0.431283 36784 1
3 2 6 35.9823 150.849 0.328572 0.4928 39648 1
3 3 1 23.5191 108.024 0.142696 0.469715 26766 1
3 3 2 21.8263 107.575 0.0336891 0.459573 25494 1
3 3 3 39.0918 183.467 0.0854175 0.436986 43004 1
3 3 4 36.3973 172.648 0.237513 0.434006 40269 1
3 3 5 40.8707 207.206 0.184767 0.432003 45736 1
3 3 6 4.18696 39.1828 0.131339 0.365606 6644 1
3 4 1 48.1701 242.226 0.183913 0.430078 53639 1
3 4 2 28.268 134.131 0.152919 0.496611 32711 1
3 4 3 44.6123 230.927 0.328729 0.452883 52341 1
3 4 4 45.1839 236.75 0.263532 0.427607 51427 1
3 4 5 46.2232 240.451 0.100837 0.441553 52904 1
3 4 6 48.6394 285.41 0.11831 0.439895 57044 1
3 5 1 51.2461 259.35 0.11509 0.454117 58737 1
3 5 2 47.932 226.89 0.0560786 0.425322 52449 1
3 5 3 63.7226 345.017 0.178298 0.411315 72532 1
3 5 4 61.5749 327.01 0.113781 0.430257 70370 1
3 5 5 73.6317 412.524 0.180155 0.422507 84019 1
4 1 1 30.4959 117.468 0.165366 0.400847 32280 1
4 1 2 31.3019 129.474 0.203085 0.412699 33809 1
4 1 3 30.2204 128.209 0.10678 0.409759 33315 1
4 1 4 29.995 122.96 0.168999 0.391938 32534 1
4 1 5 32.0901 140.043 0.103169 0.375679 35033 1
4 1 6 0 0 0 0 0 -1
4 2 1 30.2425 133.54 -0.0946557 0.426108 32928 1
4 2 2 28.5561 136.488 0.179469 0.407996 32438 1
4 2 3 28.163 125.589 0.112657 0.410312 30881 1
4 2 4 30.681 135.047 0.224952 0.436537 33549 1
4 2 5 32.8015 147.77 0.320978 0.404364 37118 1
4 2 6 33.1248 165.001 0.135284 0.393192 36514 1
4 3 1 32.5449 167.943 0.309026 0.42805 37228 1
4 3 2 45.9337 238.316 0.159196 0.413178 50958 1
4 3 3 35.4547 168.838 0.115992 0.43912 39139 1
4 3 4 29.1238 144.456 0.147825 0.436669 33904 1
4 3 5 36.0816 183.554 0.0930086 0.418466 39978 1
4 3 6 29.8677 157.562 0.180107 0.39959 34206 1
4 4 1 45.4769 239.088 0.107041 0.419738 51125 1
4 4 2 48.2112 258.38 0.146957 0.424214 54818 1
4 4 3 45.7595 238.332 0.161559 0.444153 51569 1
4 4 4 40.3559 207.327 0.107102 0.43858 45529 1
4 4 5 44.7216 230.516 0.181387 0.442791 50757 1
4 4 6 50.4952 308.271 0.215922 0.395416 58041 1
4 5 1 68.0045 362.256 0.240531 0.432567 77224 1
4 5 2 66.8229 345.953 0.179588 0.460191 75457 1
4 5 3 60.2635 346.092 0.120223 0.420148 71158 1
4 5 4 59.3242 330.384 0.171967 0.42082 68184 1
4 5 5 74.4138 421.949 0.109871 0.457208 85624 1
5 1 1 173.237 873.524 0.188589 0.347057 186132 1
5 1 2 175.085 710.076 0.170387 0.372519 184306 1
5 2 1 186.007 888.869 0.22123 0.381823 202292 1
5 2 2 193.815 774.154 0.0736372 0.388677 203780 1
5 3 1 213.675 1136.67 0.165058 0.375216 235891 1
5 3 2 216.472 991.129 0.202231 0.390029 232737 1
5 4 1 243.978 1462.31 0.189454 0.366577 276003 1
5 4 2 275.497 1423.62 0.176899 0.410372 308020 1
