6420 160.88 762.951 0.159035 0.405069 174218 1
6421 144.113 708.29 0.177828 0.419572 157961 1
6422 135.285 680.143 0.173346 0.410109 148753 1
6426 109.936 594.649 0.197591 0.427252 125255 1
6428 142.92 743.195 0.187586 0.424777 159740 1
6429 160.11 754.177 0.182349 0.423313 173423 1
6430 30.5972 158.135 0.150523 0.380733 34400 1
6431 125.577 604.11 0.181176 0.4155 137681 1
6432 154.362 755.897 0.172061 0.40462 167468 1
6433 178.02 832.198 0.186201 0.428853 192123 1
6437 62.5419 292.708 0.182247 0.421399 68107 1
6442 165.488 806.179 0.174235 0.408535 179187 1
6443 167.696 777.433 0.176721 0.421252 179782 1
6444 29.3917 142.114 0.193355 0.432518 33291 1
6445 158.38 735.552 0.173564 0.426491 172235 1
6446 1.03888 9.87492 0.123368 0.296614 788 1
6447 1.84513 97.8782 0.215127 0.429034 8290 1
6448 2.19025 102.913 0.149082 0.37007 7915 1
6449 149.024 712.703 0.172975 0.420329 163144 1
6450 150.52 729.616 0.201712 0.432861 166455 1
6451 154.858 714.911 0.196782 0.420857 166839 1
6452 165.975 783.602 0.203957 0.433604 180394 1
6453 152.035 731.143 0.188546 0.417116 166700 1
6454 52.8621 247.615 0.19565 0.421602 57115 1
6455 154.345 722.26 0.187923 0.427393 168149 1
6456 153.394 726.321 0.192955 0.425014 166673 1
6457 60.7575 290.172 0.209133 0.422642 66572 1
6458 138.193 649.877 0.183527 0.418257 150155 1
6459 58.7704 286.025 0.182179 0.423689 66602 1
6460 11.2279 60.0256 0.200126 0.44109 13596 1
6461 142.398 679.598 0.203457 0.434539 157690 1
6462 160.168 769.3 0.189395 0.422575 173670 1
6463 134.356 653.547 0.197009 0.417863 148718 1
6464 69.941 342.255 0.191561 0.428859 76756 1
6465 167.613 803.357 0.169891 0.413119 181747 1
6466 155.152 736.895 0.166396 0.409565 169985 1
6467 157.741 737.604 0.186885 0.411549 169551 1
6468 44.6965 213.028 0.192835 0.417188 49639 1
6470 78.5299 386.315 0.19263 0.419405 87023 1
6471 12.2932 67.437 0.198153 0.406263 14770 1
6472 171.443 790.34 0.187702 0.431802 185350 1
6473 42.886 208.294 0.196398 0.432485 47797 1
6474 173.399 801.678 0.167719 0.404249 185422 1
6475 171.567 807.376 0.185635 0.420571 186414 1
6476 112.662 505.625 0.173799 0.421757 120889 1
6479 183.624 817.256 0.181315 0.430042 196684 1
6481 167.998 776.261 0.190853 0.424305 181395 1
6482 164.522 787.207 0.184005 0.412483 179355 1
6483 117.969 572.975 0.183158 0.424084 130482 1
6484 162.251 758.851 0.196626 0.442393 179058 1
6485 78.7369 381.679 0.175368 0.413986 85313 1
6486 171.755 851.562 0.202716 0.42561 189765 1
6488 173.59 831.516 0.174864 0.412311 189154 1
6489 153.014 741.1 0.200715 0.432961 169642 1
6491 162.062 769.641 0.189941 0.42604 176987 1
6492 152.741 742.824 0.189259 0.420578 167206 1
6498 145.41 697.079 0.1957 0.428369 159569 1
6499 143.028 698.242 0.18752 0.415036 155999 1
6501 179.171 865.981 0.184536 0.417736 195653 1
6502 175.886 836.68 0.181899 0.411533 190889 1
6510 59.9308 282.325 0.185953 0.420362 64858 1
6511 116.46 553.053 0.184077 0.419296 126526 1
6512 138.965 679.772 0.185883 0.412397 151353 1
6513 176.712 842.186 0.19915 0.42329 192900 1
6514 163.807 775.453 0.197866 0.42826 179764 1
6515 156.863 724.888 0.202925 0.431101 170916 1
6516 13.5007 65.1888 0.234003 0.450782 15566 1
6522 152.688 723.867 0.181612 0.423382 166321 1
6523 155.455 747.963 0.196931 0.433096 172657 1
6524 164.059 799.677 0.190799 0.420259 183001 1
6525 132.57 658.811 0.199124 0.416229 147223 1
6546 103.029 482.783 0.256169 0.41753 112015 1
6548 103.22 458.065 0.27656 0.431459 110444 1
6549 100.316 458.916 0.252472 0.426568 108453 1
6550 102.305 471.645 0.255764 0.403955 108257 1
6551 0.999964 1.12232 -9.38258 0.0157773 128 1
6557 97.6687 453.172 0.276299 0.424283 106615 1
6558 66.8768 303.796 0.256827 0.415169 71724 1
6559 100.456 460.312 0.279175 0.431974 109245 1
6560 67.5352 308.343 0.272682 0.433127 72284 1
6561 1.35299 6.69279 0.273984 0.391845 1409 1
6562 6.13685 48.6123 0.219715 0.391617 9361 1
6563 39.4149 192.011 0.264117 0.427374 44172 1
6565 101.317 457.074 0.263948 0.417467 108184 1
6566 103.072 462.563 0.275442 0.432017 109392 1
6567 99.1605 451.863 0.27166 0.436303 108401 1
6568 2.55064 20.133 0.262716 0.348543 3688 1
6569 98.906 464.805 0.281173 0.441834 109398 1
6570 100.519 467.738 0.280142 0.442977 110183 1
6571 105.053 486.443 0.226372 0.399928 112816 1
6572 100.748 473.353 0.268126 0.424002 109926 1
6573 99.5086 457.342 0.269032 0.438443 109455 1
6576 97.5659 457.886 0.270737 0.419914 105164 1
6577 102.901 468.307 0.272411 0.430663 110207 1
6578 67.478 329.782 0.237514 0.40621 74402 1
6581 12.0854 54.5314 0.265143 0.407884 13520 1
6582 39.2124 181.075 0.26474 0.443204 44237 1
6585 101.13 464.077 0.264485 0.417141 109894 1
6586 99.0725 461.318 0.244319 0.407128 107525 1
6587 68.0617 300.549 0.263348 0.438021 73728 1
6589 16.0001 76.7016 0.248103 0.421401 18108 1
6590 104.511 477.456 0.251399 0.4199 113238 1
6591 102.467 489.433 0.252066 0.4143 111244 1
6592 36.3263 169.555 0.267351 0.437029 40714 1
6593 97.764 463.33 0.272992 0.423345 108096 1
6595 106.621 492.993 0.247229 0.404034 114396 1
6596 27.3341 127.461 0.255312 0.420589 30204 1
6597 30.9509 138.648 0.287746 0.424654 33152 1
6598 3.98101 22.0393 0.276316 0.445874 5706 1
6599 17.2013 230.471 0.767092 0.686079 31662 0
6601 11.3991 152.554 0.748461 0.690228 21370 0
6603 3.72084 64.1847 0.697449 0.614748 8439 0
