1 1 1 3.02756 40.6145 -4.82338 0.254783 2356 1
1 1 2 2.21055 29.4183 -4.75837 0.286042 1856 1
1 1 3 2.4365 33.5407 -4.76843 0.24629 1784 1
1 2 1 2.70363 44.605 -4.81528 0.248515 2214 1
1 2 2 2.06312 38.6409 -4.78648 0.223793 1752 1
1 2 3 2.40639 34.2416 -4.93847 0.265994 1642 1
1 3 1 2.8419 50.2507 -4.77458 0.28409 2489 1
1 3 2 2.51461 43.1663 -4.84935 0.248275 1929 1
1 3 3 2.05048 48.5799 -4.92232 0.242978 1899 1
1 4 1 3.35832 65.5314 -4.78881 0.260726 2953 1
1 4 2 2.19963 53.1815 -4.88326 0.27062 2244 1
1 4 3 2.18929 54.3914 -4.79428 0.244582 2123 1
1 5 1 3.60087 88.3708 -4.7438 0.301654 3651 1
1 5 2 2.89864 80.8097 -4.84981 0.265681 3036 1
1 5 3 2.95335 75.1208 -4.81985 0.228787 2725 1
2 1 1 3.30924 50.6299 -4.69784 0.235031 2350 1
2 1 2 2.42872 36.9909 -4.86463 0.322285 2147 1
2 1 3 2.82709 36.5346 -4.61922 0.292772 2166 1
2 1 4 2.08963 28.3402 -4.89366 0.345067 1925 1
2 1 5 2.23873 30.6419 -4.72205 0.322938 2043 1
2 1 6 2.55975 25.8684 -4.5458 0.347765 2004 1
2 1 7 2.72522 60.0614 -4.81968 0.262565 2641 1
2 2 1 2.4873 39.7174 -4.63606 0.279825 2126 1
2 2 2 2.34993 37.5083 -4.80273 0.318015 1960 1
2 2 3 2.62544 44.4837 -4.88967 0.245483 2071 1
2 2 4 2.14691 37.1176 -4.79281 0.291948 1834 1
2 2 5 2.03269 26.6633 -4.71252 0.369559 1837 1
2 2 6 2.20372 29.5389 -4.78423 0.343878 1765 1
2 2 7 2.44987 46.05 -4.71904 0.276029 2329 1
2 3 1 2.7414 57.3927 -4.777 0.272557 2421 1
2 3 2 2.23832 37.4244 -4.74842 0.413455 2174 0
2 3 3 2.36586 50.9058 -4.82859 0.269454 2334 1
2 3 4 1.84588 43.6599 -4.76706 0.305025 2114 1
2 3 5 2.19628 35.9514 -4.806 0.330884 1981 1
2 3 6 2.03132 36.8616 -4.58185 0.309612 2005 1
2 3 7 2.91101 47.4286 -4.80595 0.304331 2441 1
2 4 1 3.13131 65.3522 -4.98265 0.279741 2858 1
2 4 2 3.46112 56.4695 -4.77073 0.297153 2696 1
2 4 3 2.61905 78.1223 -4.71344 0.275857 2975 1
2 4 4 2.92954 56.5665 -4.78626 0.290895 2617 1
2 4 5 2.47087 47.3666 -4.68161 0.354114 2522 1
2 4 6 2.71345 47.1616 -4.85879 0.30624 2486 1
2 4 7 2.88108 56.0459 -4.77537 0.330011 2828 1
2 5 1 3.81663 71.2265 -4.87425 0.366058 3619 1
2 5 2 3.32564 78.1392 -4.91181 0.313701 3509 1
2 5 3 3.74392 75.9028 -4.84247 0.321025 3809 1
2 5 4 3.41248 67.1192 -4.77433 0.322464 3375 1
2 5 5 3.15745 60.7763 -4.7227 0.36282 3180 1
2 5 6 2.86077 48.1484 -4.83791 0.450269 3024 0
2 5 7 4.20346 73.4084 -4.81762 0.37968 3655 1
3 1 1 1.35268 14.5736 -4.80229 0.244968 350 1
3 1 2 1.23162 10.5727 -4.89582 0.296113 353 1
3 1 3 1.63719 25.6494 -4.7329 0.273786 560 1
3 1 4 1.44295 13.6035 -4.81684 0.335483 497 1
3 1 5 1.61125 24.1763 -4.75112 0.222995 545 1
3 1 6 1.75289 18.8499 -4.56898 0.377158 547 1
3 2 1 1.31025 15.42 -4.94923 0.230614 303 1
3 2 2 1.7691 13.077 -4.68792 0.342988 401 1
3 2 3 1.36032 18.7806 -4.82884 0.197273 432 1
3 2 4 1.35087 21.0802 -4.66974 0.192377 440 1
3 2 5 1.37879 27.9181 -4.83841 0.190736 512 1
3 2 6 1.57042 22.4427 -4.63591 0.207197 580 1
3 3 1 1.16968 18.5757 -5.07579 0.155712 326 1
3 3 2 1.24233 15.1784 -4.94744 0.249472 347 1
3 3 3 1.49402 27.0315 -4.63525 0.214408 581 1
3 3 4 1.38437 20.7522 -4.76762 0.297516 531 1
3 3 5 1.71637 21.9361 -4.57692 0.302691 617 1
3 3 6 1.12704 8.67971 -4.65668 0.331951 332 1
3 4 1 1.64248 13.3713 -4.47105 0.327101 458 1
3 4 2 1.64962 20.0509 -4.80667 0.268752 432 1
3 4 3 1.5206 29.3462 -4.74882 0.28514 707 1
3 4 4 1.56714 39.5476 -4.39817 0.195773 674 1
3 4 5 1.49882 36.1422 -4.51342 0.236263 668 1
3 4 6 1.648 45.0648 -4.65956 0.282497 840 1
3 5 1 1.79026 35.4971 -4.90348 0.234841 683 1
3 5 2 1.68884 34.0899 -4.97225 0.198195 633 1
3 5 3 2.34829 50.5549 -4.79788 0.211349 972 1
3 5 4 1.72351 40.8675 -4.87149 0.346163 920 1
3 5 5 1.94843 45.7901 -4.66423 0.271455 1103 1
4 1 1 1.44009 23.3676 -4.84247 0.242079 504 1
4 1 2 1.38249 21.0529 -4.70648 0.289564 541 1
4 1 3 1.54348 20.678 -4.7364 0.253609 513 1
4 1 4 1.6044 22.3066 -4.83669 0.241278 537 1
4 1 5 1.48147 22.6338 -4.91904 0.247536 551 1
4 1 6 0 0 0 0 0 -1
4 2 1 1.17692 18.5067 -4.99458 0.274719 487 1
4 2 2 1.3067 21.5261 -4.92821 0.243796 412 1
4 2 3 1.47081 14.0464 -4.88597 0.447499 455 0
4 2 4 1.5222 16.5137 -5.17334 0.347135 480 1
4 2 5 1.30238 15.0225 -4.96772 0.399544 490 1
4 2 6 1.82057 24.8612 -5.14061 0.28704 589 1
4 3 1 1.36077 28.0699 -4.87533 0.221592 518 1
4 3 2 1.58144 23.7402 -4.73374 0.247746 559 1
4 3 3 1.29986 24.2237 -4.46235 0.3126 595 1
4 3 4 1.38937 22.8887 -4.89241 0.320289 527 1
4 3 5 1.77001 28.6593 -4.89257 0.281676 610 1
4 3 6 1.92279 24.9154 -5.03709 0.214178 515 1
4 4 1 1.83664 35.8028 -5.02671 0.216711 679 1
4 4 2 1.61894 26.7662 -4.80414 0.351531 674 1
4 4 3 1.42178 29.5576 -5.10375 0.25299 635 1
4 4 4 1.4125 28.9376 -5.06213 0.224264 590 1
4 4 5 1.50989 34.0903 -4.79798 0.267382 749 1
4 4 6 1.85212 36.7119 -4.95391 0.258689 767 1
4 5 1 2.13184 61.9594 -4.82072 0.228332 909 1
4 5 2 1.70107 33.9954 -4.89218 0.369016 943 1
4 5 3 2.56019 40.4406 -4.83414 0.278411 892 1
4 5 4 1.82638 33.5003 -4.79766 0.330704 885 1
4 5 5 2.09311 60.5448 -4.85268 0.24256 1011 1
5 1 1 4.47483 67.1867 -4.85636 0.307086 3187 1
5 1 2 4.39107 58.4415 -4.81606 0.275964 3271 1
5 2 1 3.43528 62.1311 -4.81464 0.285344 3165 1
5 2 2 4.57053 55.606 -4.77653 0.29066 3155 1
5 3 1 3.48058 84.0673 -4.87102 0.273126 3491 1
5 3 2 3.35617 62.1414 -4.84985 0.284656 3436 1
5 4 1 4.03842 101.245 -4.87012 0.294829 4162 1
5 4 2 5.18134 102.961 -4.77027 0.282575 4477 1
