1 1 1 10.1056 52.7813 -1.68821 0.304741 11240 1
1 1 2 7.38569 49.5918 -1.67179 0.248951 9239 1
1 1 3 7.85042 43.4939 -1.55245 0.381329 9128 1
1 2 1 9.81539 63.8032 -1.83682 0.305842 11516 1
1 2 2 7.06388 52.1548 -1.6736 0.298543 8700 1
1 2 3 7.29007 52.8929 -1.67697 0.306882 8654 1
1 3 1 10.2042 77.2821 -1.62364 0.394202 12508 1
1 3 2 7.99286 63.008 -1.65787 0.368637 10438 1
1 3 3 8.32623 71.0021 -1.63522 0.344523 9966 1
1 4 1 11.5018 106.862 -1.62222 0.351082 14913 1
1 4 2 10.5125 89.1973 -1.62047 0.335114 12767 1
1 4 3 9.63998 89.5494 -1.59895 0.343511 12192 1
1 5 1 14.0257 161.855 -1.66508 0.353544 19330 1
1 5 2 14.0078 136.006 -1.54136 0.341185 17218 1
1 5 3 14.1995 127.096 -1.58567 0.335227 16589 1
2 1 1 10.0515 56.2482 -1.58764 0.322934 10862 1
2 1 2 9.06519 46.8038 -1.53435 0.427875 10556 1
2 1 3 8.26535 49.6553 -1.75044 0.312014 10455 1
2 1 4 8.40788 43.2373 -1.75221 0.371945 9699 1
2 1 5 8.56952 44.1523 -1.79356 0.361466 9852 1
2 1 6 8.67826 42.4667 -1.81163 0.305146 9600 1
2 1 7 9.5724 71.1989 -1.77416 0.330913 12119 1
2 2 1 7.69324 63.64 -1.66948 0.352917 10728 1
2 2 2 7.65453 56.6083 -1.68468 0.391834 9996 1
2 2 3 8.09627 57.3226 -1.61333 0.356304 10275 1
2 2 4 7.05385 51.823 -1.74233 0.363546 9316 1
2 2 5 7.59174 47.9967 -1.66644 0.380336 9677 1
2 2 6 6.39212 48.945 -1.66828 0.42174 8814 1
2 2 7 9.40483 72.7293 -1.66435 0.318758 11417 1
2 3 1 10.1353 83.7916 -1.6601 0.344655 12363 1
2 3 2 9.32558 77.3511 -1.61538 0.373293 11848 1
2 3 3 9.51081 77.9511 -1.58731 0.405171 12183 1
2 3 4 8.03433 62.4384 -1.71785 0.387669 10419 1
2 3 5 8.30374 64.6953 -1.66477 0.420637 10407 1
2 3 6 7.93379 59.5488 -1.62385 0.411116 10547 1
2 3 7 10.052 86.5708 -1.65938 0.393406 13083 1
2 4 1 13.2004 111.073 -1.67033 0.366789 15626 1
2 4 2 12.9003 103.001 -1.64438 0.36699 15380 1
2 4 3 11.7263 110.707 -1.56584 0.418526 15923 1
2 4 4 11.4001 94.9185 -1.55293 0.410726 14657 1
2 4 5 10.8905 86.1146 -1.63851 0.38162 13615 1
2 4 6 10.641 86.923 -1.71167 0.390201 13850 1
2 4 7 11.9065 97.9965 -1.81019 0.356178 14913 1
2 5 1 16.7907 150.14 -1.51294 0.360718 20254 1
2 5 2 17.1974 156.701 -1.6763 0.338106 21550 1
2 5 3 17.053 146.993 -1.59411 0.36691 21134 1
2 5 4 14.2571 128.424 -1.64548 0.396861 19140 1
2 5 5 15.499 117.554 -1.65307 0.409062 18808 1
2 5 6 15.138 117.164 -1.6688 0.394301 18574 1
2 5 7 15.7405 129.126 -1.65952 0.434241 20105 1
3 1 1 1.74274 6.78281 -1.75475 0.275153 1685 1
3 1 2 1.76824 10.5847 -1.72863 0.330556 1961 1
3 1 3 2.20152 16.3787 -1.69375 0.298617 2878 1
3 1 4 2.25 14.2551 -1.82522 0.228767 2808 1
3 1 5 2.08859 16.0607 -1.84294 0.312072 3000 1
3 1 6 2.00771 16.7854 -2.02023 0.412501 2923 1
3 2 1 1.54945 8.36693 -1.93515 0.361896 1690 1
3 2 2 1.62805 11.7333 -2.16528 0.293053 1991 1
3 2 3 1.98736 16.695 -1.87807 0.341187 2636 1
3 2 4 1.98163 13.5712 -1.44649 0.488278 2789 1
3 2 5 1.96075 15.2809 -1.69879 0.397945 3000 1
3 2 6 2.01671 15.7903 -1.50333 0.459744 2943 1
3 3 1 1.71796 12.9838 -1.74221 0.286716 2069 1
3 3 2 1.60446 10.5165 -1.8474 0.375275 1870 1
3 3 3 2.26315 17.8991 -1.79607 0.469192 3301 1
3 3 4 2.1172 18.2665 -1.70551 0.422192 3144 1
3 3 5 2.75734 21.2709 -1.77877 0.397093 3707 1
3 3 6 1.22307 2.78 -1.75241 0.241423 566 1
3 4 1 2.60028 22.6943 -1.57483 0.467598 3831 1
3 4 2 1.68798 13.3454 -1.66987 0.518839 2348 1
3 4 3 2.42106 25.6965 -1.65606 0.388603 4118 1
3 4 4 2.25817 24.6572 -1.70583 0.496758 3822 1
3 4 5 2.37339 25.8623 -1.6689 0.459044 3989 1
3 4 6 2.62834 30.6043 -1.65784 0.469693 4350 1
3 5 1 2.81258 29.4132 -1.83177 0.360245 4284 1
3 5 2 2.50375 19.2178 -1.65618 0.574674 3768 1
3 5 3 3.9939 36.0096 -1.7089 0.342837 5560 1
3 5 4 3.68083 34.6889 -1.77385 0.468588 5272 1
3 5 5 3.98903 43.8271 -1.65854 0.438221 6423 1
4 1 1 2.21529 13.4281 -1.73382 0.355137 2556 1
4 1 2 2.00498 13.3763 -1.49663 0.391393 2787 1
4 1 3 2.28998 13.6374 -1.6682 0.390492 2879 1
4 1 4 2.01234 13.1399 -1.59684 0.442913 2691 1
4 1 5 2.22727 17.2189 -1.85916 0.327499 2910 1
4 1 6 0 0 0 0 0 -1
4 2 1 1.89056 14.4676 -2.06045 0.332832 2545 1
4 2 2 1.77536 18.0317 -1.68709 0.354485 2637 1
4 2 3 1.7302 13.8161 -1.63583 0.434809 2447 1
4 2 4 2.00619 14.4195 -1.64467 0.445861 2715 1
4 2 5 2.08187 15.2468 -1.48446 0.369487 2861 1
4 2 6 2.17798 20.7377 -1.66562 0.388544 3072 1
4 3 1 2.27802 17.1326 -1.51224 0.438194 2971 1
4 3 2 2.53028 22.6791 -1.55094 0.381868 3769 1
4 3 3 2.09189 19.9937 -1.75187 0.454413 3146 1
4 3 4 1.70374 18.3078 -1.73898 0.411234 2578 1
4 3 5 2.44208 19.7166 -1.757 0.434823 3241 1
4 3 6 1.84984 19.0739 -1.66555 0.377552 2662 1
4 4 1 2.44344 28.7033 -1.86275 0.404352 4130 1
4 4 2 2.23881 27.3595 -1.75123 0.419283 4052 1
4 4 3 2.64726 25.0414 -1.76944 0.391842 4021 1
4 4 4 2.23215 25.1283 -1.82602 0.31924 3380 1
4 4 5 2.67347 29.0989 -1.79101 0.393372 4213 1
4 4 6 3.10255 31.3516 -1.66972 0.375017 4558 1
4 5 1 3.8339 35.0766 -1.66238 0.445134 5618 1
4 5 2 3.91945 38.9686 -1.73873 0.367892 5536 1
4 5 3 3.38137 38.2133 -1.80618 0.383947 5166 1
4 5 4 3.20201 35.8793 -1.69213 0.373114 5091 1
4 5 5 4.24226 45.0469 -1.73251 0.426106 6280 1
5 1 1 12.5447 96.6727 -1.61951 0.334525 14737 1
5 1 2 12.6259 79.2412 -1.62851 0.361564 14833 1
5 2 1 13.6436 93.4 -1.60559 0.369825 15726 1
5 2 2 13.747 87.8655 -1.76278 0.363829 15875 1
5 3 1 15.971 123.832 -1.65447 0.361483 18226 1
5 3 2 14.7912 102.354 -1.54578 0.409272 17782 1
5 4 1 15.6022 155.459 -1.58939 0.353548 20551 1
5 4 2 18.5807 151.034 -1.645 0.411493 23264 1
