1 1 1 9.60698 56.2851 -4.96517 0.259894 11409 1
1 1 2 7.84703 48.274 -4.90468 0.230382 9396 1
1 1 3 8.02343 43.9618 -4.85438 0.311123 9247 1
1 2 1 9.79531 64.2906 -4.90614 0.276993 11610 1
1 2 2 7.33771 48.2194 -4.86699 0.302083 8884 1
1 2 3 6.9471 20.5119 -5.71239 -0.115794 8755 1
1 3 1 9.55274 70.2415 -4.82212 0.311638 12686 1
1 3 2 8.81016 57.1103 -4.8882 0.293887 10509 1
1 3 3 8.2383 70.3418 -4.98215 0.295679 10091 1
1 4 1 11.3523 100.584 -4.84207 0.320839 15063 1
1 4 2 10.2373 85.1477 -4.99666 0.330116 12893 1
1 4 3 9.62182 86.602 -4.82354 0.317299 12393 1
1 5 1 14.328 145.019 -4.80749 0.28659 19618 1
1 5 2 14.094 129.04 -4.91632 0.304049 17476 1
1 5 3 14.2558 126.075 -4.90482 0.295366 16848 1
2 1 1 9.65951 59.4603 -4.78413 0.27901 10971 1
2 1 2 9.08436 48.3072 -5.01034 0.388105 10673 1
2 1 3 8.18999 51.2475 -4.73041 0.338027 10576 1
2 1 4 7.87271 41.8565 -4.90735 0.420108 9832 1
2 1 5 8.70025 40.9502 -4.87587 0.422957 9964 1
2 1 6 8.19461 37.6699 -4.67539 0.337163 9725 1
2 1 7 9.90129 71.4345 -4.90803 0.300054 12261 1
2 2 1 8.62817 62.4425 -4.70167 0.275957 10835 1
2 2 2 8.15642 52.6779 -4.90616 0.411548 10131 1
2 2 3 8.35835 52.943 -4.92597 0.360633 10378 1
2 2 4 7.33255 51.9201 -4.88577 0.331037 9386 1
2 2 5 8.0919 45.0455 -4.84777 0.362287 9748 1
2 2 6 6.66283 42.3846 -4.80251 0.391464 8915 1
2 2 7 9.09339 64.361 -4.74938 0.309675 11543 1
2 3 1 10.2706 86.7976 -4.88276 0.291265 12579 1
2 3 2 9.44446 57.2815 -5.06849 0.594851 11948 1
2 3 3 9.51369 72.4034 -4.87205 0.329427 12270 1
2 3 4 7.94739 59.4803 -4.88864 0.298706 10517 1
2 3 5 7.89181 58.4233 -4.83806 0.360486 10572 1
2 3 6 8.09882 55.7776 -4.7018 0.377581 10695 1
2 3 7 9.51657 76.0503 -4.9108 0.31019 13216 1
2 4 1 13.2515 107.665 -5.05113 0.315598 15851 1
2 4 2 12.8627 99.8509 -4.89908 0.356496 15582 1
2 4 3 12.2965 110.377 -4.821 0.343427 16086 1
2 4 4 11.5449 92.2869 -4.83881 0.329088 14833 1
2 4 5 10.7196 77.0159 -4.74019 0.38876 13780 1
2 4 6 10.8477 79.9142 -4.92087 0.40434 14004 1
2 4 7 11.7373 83.5649 -4.81506 0.346317 15087 1
2 5 1 16.239 109.585 -5.17443 0.612711 20510 1
2 5 2 17.1976 120.203 -5.13696 0.528871 21823 1
2 5 3 17.0023 124.942 -5.02104 0.464905 21406 1
2 5 4 14.4222 123.882 -4.83275 0.349138 19330 1
2 5 5 15.0755 106.629 -4.81478 0.475461 19046 1
2 5 6 15.2299 91.5053 -5.09761 0.60254 18832 1
2 5 7 15.3879 112.726 -4.92047 0.551364 20299 1
3 1 1 1.59569 6.15523 -4.88563 0.284516 1709 1
3 1 2 1.87776 9.65513 -5.10298 0.35594 1981 1
3 1 3 2.11376 8.65963 -5.29431 -0.0428369 2892 1
3 1 4 2.08138 73.8057 -4.31798 -0.466552 2844 1
3 1 5 2.00592 18.4547 -4.78654 0.227686 3060 1
3 1 6 2.18691 17.0711 -4.76797 0.240111 2959 1
3 2 1 1.62199 9.60903 -5.06418 0.294865 1699 1
3 2 2 1.52271 9764.39 3.8911 -2.21081 2017 1
3 2 3 1.92092 18.3283 -5.00176 0.221726 2673 1
3 2 4 1.89448 17.3049 -4.71576 0.265431 2841 1
3 2 5 2.10098 17.0373 -4.88905 0.244414 3030 1
3 2 6 1.90038 16.9562 -4.76986 0.310088 2988 1
3 3 1 1.63672 5.9049 -5.50648 -0.04067 2108 1
3 3 2 1.52873 11.1652 -5.00942 0.275132 1919 1
3 3 3 2.29825 18.2321 -4.5994 0.326255 3343 1
3 3 4 2.56282 18.7766 -4.93658 0.337232 3180 1
3 3 5 2.60494 21.997 -4.73196 0.275669 3782 1
3 3 6 1.10683 5.21978 -4.70 0.015553 592 1
3 4 1 2.72095 25.9708 -4.66541 0.333782 3880 1
3 4 2 1.67851 14.911 -4.95674 0.312306 2354 1
3 4 3 2.70236 26.528 -4.95543 0.269939 4199 1
3 4 4 2.32845 26.3904 -4.40716 0.302447 3872 1
3 4 5 2.51406 26.9718 -4.63 0.331505 4054 1
3 4 6 3.15249 33.8635 -4.79002 0.343025 4411 1
3 5 1 2.78009 30.0049 -4.97625 0.360529 4332 1
3 5 2 2.42298 21.1279 -4.90852 0.39892 3829 1
3 5 3 4.03772 33.9424 -4.91064 0.318534 5616 1
3 5 4 3.23617 34.8994 -4.98411 0.392056 5312 1
3 5 5 4.26811 41.2946 -4.6737 0.344873 6490 1
4 1 1 2.14876 15.4872 -5.02465 0.25465 2614 1
4 1 2 1.98599 15.0028 -4.81738 0.221479 2827 1
4 1 3 2.15049 33.3054 -5.15 -0.0134033 2903 1
4 1 4 1.88299 13.4506 -4.98421 0.382232 2703 1
4 1 5 2.29423 13.3271 -5.12908 0.47705 2974 1
4 1 6 0 0 0 0 0 -1
4 2 1 1.73665 13.7605 -5.16894 0.408548 2560 1
4 2 2 1.94148 16.0844 -4.83281 0.295491 2660 1
4 2 3 1.74526 11.5765 -5.3023 0.457554 2477 1
4 2 4 2.03413 14.8099 -5.40138 0.327405 2770 1
4 2 5 2.27218 37.3715 -5.64793 -0.0139755 2884 1
4 2 6 1.97703 20.8896 -5.21627 0.331126 3115 1
4 3 1 2.31701 15.4084 -4.84778 0.315588 3035 1
4 3 2 2.68316 21.1006 -4.8857 0.409122 3813 1
4 3 3 1.95656 22.2786 -4.64743 0.350733 3205 1
4 3 4 2.09949 18.1239 -5.0307 0.389798 2637 1
4 3 5 2.41956 19.8633 -4.87903 0.373077 3281 1
4 3 6 1.75625 17.1082 -5.02674 0.334416 2708 1
4 4 1 2.56431 28.9845 -5.11031 0.340698 4183 1
4 4 2 2.45517 26.6875 -4.96196 0.395485 4114 1
4 4 3 2.57076 26.8956 -5.18118 0.308192 4076 1
4 4 4 2.10404 21.7912 -5.04755 0.387818 3441 1
4 4 5 2.2933 26.7239 -4.90715 0.363375 4294 1
4 4 6 2.89031 35.1767 -5.11712 0.30601 4574 1
4 5 1 3.71446 41.5174 -4.92248 0.312486 5677 1
4 5 2 3.10552 39.4578 -5.14151 0.350275 5607 1
4 5 3 3.39382 39.1216 -4.92674 0.311084 5267 1
4 5 4 3.25228 32.0664 -4.88441 0.415482 5165 1
4 5 5 4.07723 49.8291 -4.89763 0.273372 6351 1
5 1 1 13.0758 89.1274 -5.0323 0.369187 14876 1
5 1 2 12.7106 76.2054 -4.87494 0.318201 14966 1
5 2 1 13.6023 92.5874 -4.94946 0.344863 15920 1
5 2 2 13.7337 71.0642 -4.97625 0.481388 16059 1
5 3 1 14.934 119.363 -4.97826 0.354821 18491 1
5 3 2 14.4977 94.058 -4.86952 0.339059 17976 1
5 4 1 15.8148 150.142 -4.94291 0.302652 20832 1
5 4 2 18.7063 158.287 -4.87305 0.322363 23556 1
