1 1 1 2.87373 32.9769 -1.54144 0.343488 2298 1
1 1 2 2.28097 33.0416 -1.55861 0.275129 1815 1
1 1 3 2.09534 27.6787 -1.53772 0.30587 1742 1
1 2 1 2.59865 39.3432 -1.73396 0.308294 2191 1
1 2 2 2.15631 30.1703 -1.54074 0.272062 1697 1
1 2 3 2.5025 33.9406 -1.61044 0.274048 1602 1
1 3 1 2.65679 43.1617 -1.5684 0.356079 2405 1
1 3 2 2.40613 35.0256 -1.60522 0.318531 1895 1
1 3 3 1.82957 36.5292 -1.54275 0.36308 1830 1
1 4 1 3.2309 60.0655 -1.59147 0.297957 2901 1
1 4 2 2.11818 42.7129 -1.57204 0.343985 2190 1
1 4 3 1.77259 46.453 -1.5169 0.298298 2053 1
1 5 1 3.16433 82.3726 -1.57087 0.34457 3557 1
1 5 2 3.06824 67.6966 -1.47963 0.323353 2942 1
1 5 3 3.06198 60.1623 -1.54835 0.308988 2657 1
2 1 1 2.81039 43.1367 -1.52547 0.275312 2338 1
2 1 2 2.24107 32.0669 -1.47389 0.402589 2130 1
2 1 3 2.60179 31.7233 -1.55876 0.291741 2146 1
2 1 4 2.08272 24.6358 -1.60856 0.37218 1886 1
2 1 5 2.29914 25.1999 -1.62909 0.427835 1975 0
2 1 6 2.41341 23.3232 -1.55727 0.394492 1938 1
2 1 7 2.36346 52.6143 -1.7353 0.301881 2597 1
2 2 1 2.22598 34.0245 -1.53839 0.338278 2069 1
2 2 2 2.16282 33.4361 -1.58985 0.364895 1912 1
2 2 3 2.468 34.565 -1.54232 0.343779 2019 1
2 2 4 1.99973 29.5419 -1.63362 0.392058 1776 1
2 2 5 2.20514 29.6243 -1.69674 0.268485 1795 1
2 2 6 1.89301 26.0689 -1.57817 0.437192 1735 0
2 2 7 2.7555 36.3276 -1.55586 0.353685 2255 1
2 3 1 2.53357 50.6306 -1.57393 0.326364 2388 1
2 3 2 2.40411 43.5527 -1.54567 0.311809 2127 1
2 3 3 2.3557 40.6895 -1.50845 0.359834 2267 1
2 3 4 2.04553 37.7434 -1.62284 0.346329 2078 1
2 3 5 1.94918 39.1215 -1.64064 0.318047 1917 1
2 3 6 2.08035 30.565 -1.54215 0.4001 1961 0
2 3 7 2.58305 47.0582 -1.64148 0.3207 2394 1
2 4 1 3.82446 53.4849 -1.54269 0.35502 2762 1
2 4 2 3.34097 52.2352 -1.568 0.327761 2636 1
2 4 3 3.27976 71.4467 -1.52229 0.302408 2915 1
2 4 4 3.02228 51.2109 -1.54022 0.333177 2569 1
2 4 5 2.31726 43.3593 -1.53041 0.416829 2471 1
2 4 6 2.36496 41.9104 -1.62371 0.384573 2416 1
2 4 7 2.92049 53.2262 -1.71785 0.346693 2772 1
2 5 1 4.22906 74.42 -1.41916 0.325261 3532 1
2 5 2 3.67172 77.6574 -1.58762 0.298495 3420 1
2 5 3 3.96113 73.3734 -1.52428 0.33591 3681 1
2 5 4 2.85486 62.1346 -1.57774 0.361968 3304 1
2 5 5 2.6971 65.8859 -1.62048 0.316862 3112 1
2 5 6 3.05412 51.4238 -1.64214 0.364242 2923 1
2 5 7 3.86622 72.2134 -1.59662 0.374489 3559 1
3 1 1 1.39711 9.4974 -1.55754 0.322758 338 1
3 1 2 1.5478 10.8807 -1.61863 0.259961 331 1
3 1 3 1.92228 19.1445 -1.53114 0.32483 562 1
3 1 4 1.54604 11.0904 -1.42963 0.402822 493 0
3 1 5 1.54506 19.0271 -1.72174 0.345975 527 1
3 1 6 1.61884 19.2194 -1.81664 0.352062 543 1
3 2 1 1.38449 14.5199 -2.23371 0.115138 295 1
3 2 2 1.52207 14.9557 -1.99045 0.260699 391 1
3 2 3 1.39987 10.7471 -1.56718 0.439833 424 0
3 2 4 1.30087 17.0079 -1.51878 0.247136 436 1
3 2 5 1.73268 16.0016 -1.69172 0.370827 507 1
3 2 6 1.65491 13.0036 -1.38549 0.445789 550 1
3 3 1 1.14708 14.0487 -1.75828 0.217025 315 1
3 3 2 1.20839 9.5822 -1.74393 0.440373 340 1
3 3 3 1.66873 18.3622 -1.78083 0.335164 558 1
3 3 4 1.50418 15.153 -1.57022 0.370641 511 1
3 3 5 1.62069 18.5602 -1.68603 0.373173 594 1
3 3 6 1.46598 11.9927 -1.6197 0.194294 320 1
3 4 1 1.30027 12.5241 -1.45227 0.422409 440 0
3 4 2 1.27093 16.5833 -1.67358 0.392496 423 1
3 4 3 1.30426 24.7272 -1.55155 0.326001 682 1
3 4 4 1.56679 23.1478 -1.68769 0.425295 657 0
3 4 5 1.82305 32.7535 -1.68879 0.261951 645 1
3 4 6 1.72183 32.6907 -1.64017 0.419469 811 0
3 5 1 1.57297 25.6437 -1.82038 0.366208 668 1
3 5 2 1.67797 18.7908 -1.7237 0.441186 617 0
3 5 3 2.2175 34.3713 -1.68667 0.341154 958 1
3 5 4 1.65324 33.9522 -1.80262 0.421459 891 0
3 5 5 2.38292 37.5218 -1.61692 0.374855 1072 1
4 1 1 1.33148 16.2483 -1.56527 0.361002 476 1
4 1 2 1.73648 17.4154 -1.4848 0.354569 519 1
4 1 3 1.62657 16.2959 -1.71648 0.352244 496 1
4 1 4 1.39896 15.1117 -1.69877 0.34493 520 1
4 1 5 1.60512 22.0799 -1.84142 0.206305 549 1
4 1 6 0 0 0 0 0 -1
4 2 1 1.48126 14.5104 -1.84633 0.316042 478 1
4 2 2 1.24082 20.2048 -1.68253 0.242731 411 1
4 2 3 1.32095 11.4817 -1.68098 0.497012 439 0
4 2 4 1.4981 19.2691 -1.60034 0.260758 451 1
4 2 5 1.46636 14.1144 -1.26752 0.428089 463 0
4 2 6 1.41329 16.7821 -1.58978 0.414948 568 0
4 3 1 1.4513 19.642 -1.55122 0.306639 504 1
4 3 2 1.49755 20.4935 -1.53543 0.282636 552 1
4 3 3 1.48863 17.8301 -1.72424 0.461662 572 0
4 3 4 1.51496 21.7183 -1.64949 0.333741 502 1
4 3 5 1.46295 24.0291 -1.63448 0.379466 583 1
4 3 6 1.34913 15.0253 -1.65894 0.4376 495 0
4 4 1 1.5531 26.8322 -1.86414 0.307538 660 1
4 4 2 1.47409 25.7586 -1.7141 0.378013 644 1
4 4 3 1.45041 23.7726 -1.80843 0.339783 632 1
4 4 4 1.30597 22.7279 -1.83682 0.286328 571 1
4 4 5 1.52952 28.799 -1.65378 0.355254 718 1
4 4 6 1.7704 31.429 -1.60443 0.305661 765 1
4 5 1 2.03933 42.8484 -1.69104 0.367118 885 1
4 5 2 1.88212 33.6134 -1.78398 0.320557 919 1
4 5 3 1.93254 35.5576 -1.82749 0.331616 854 1
4 5 4 1.69824 27.2322 -1.69256 0.399049 851 1
4 5 5 1.80685 41.2556 -1.73027 0.402218 993 0
5 1 1 3.79852 63.5033 -1.53071 0.329176 3175 1
5 1 2 3.86136 57.4704 -1.53334 0.28999 3182 1
5 2 1 3.25905 57.9258 -1.53844 0.334976 3073 1
5 2 2 4.32416 52.4642 -1.71824 0.30368 3059 1
5 3 1 3.56166 70.4866 -1.59603 0.338568 3399 1
5 3 2 3.91139 48.857 -1.50491 0.394303 3339 1
5 4 1 3.5761 86.2713 -1.50547 0.371418 4063 1
5 4 2 5.18362 84.8336 -1.59853 0.362686 4392 1
